Symbol,Date,Close,High,Low,Open,Volume
,,SOUTHBANK.NS,SOUTHBANK.NS,SOUTHBANK.NS,SOUTHBANK.NS,SOUTHBANK.NS
SOUTHBANK,2001-01-01,0.9549227356910706,1.006539922774757,0.9430107230645944,0.9926431014097488,85633
SOUTHBANK,2001-01-02,0.9410259127616882,0.9688195554454999,0.9310991897895287,0.93308454812394,220615
SOUTHBANK,2001-01-03,0.962864100933075,0.9866870270022913,0.948966729960356,0.9727902056287526,336729
SOUTHBANK,2001-01-04,0.962864100933075,0.9807315702845774,0.9529373779383197,0.9787462806455444,181427
SOUTHBANK,2001-01-05,0.9330846667289734,0.9529374968977228,0.9310993081422017,0.9449961312505423,119016
SOUTHBANK,2001-01-08,0.8774966597557068,0.9489666700494073,0.8695552956012428,0.8953641966790785,280123
SOUTHBANK,2001-01-09,0.8655846118927002,0.8913934431978023,0.8457317862808893,0.8735259757170518,155301
SOUTHBANK,2001-01-10,0.9310993552207947,0.9330847139079508,0.8794816781525656,0.9330847139079508,224969
SOUTHBANK,2001-01-11,0.9072758555412292,0.9231579689922975,0.9013197796099578,0.9052904968974721,197392
SOUTHBANK,2001-01-12,0.9112464189529419,0.9330846062940258,0.8854375833953957,0.8854375833953957,200295
SOUTHBANK,2001-01-15,0.9132317304611206,0.9370552750355982,0.9033050073804533,0.929113910311044,156753
SOUTHBANK,2001-01-16,0.9072758555412292,0.929114044923569,0.89337903203401,0.9172025800601069,339631
SOUTHBANK,2001-01-17,0.9807316064834595,0.9807316064834594,0.9529374131113159,0.9529374131113159,210455
SOUTHBANK,2001-01-18,1.060142993927002,1.060142993927002,1.0581576355053328,1.0581576355053328,200295
SOUTHBANK,2001-01-19,1.1455104351043701,1.1455104351043701,1.1455104351043701,1.1455104351043701,396237
SOUTHBANK,2001-01-22,1.238818645477295,1.238818645477295,1.054187036284022,1.2368332182635868,2197447
SOUTHBANK,2001-01-23,1.2765394449234009,1.3360978589785895,1.2308776460682773,1.3360978589785895,1912969
SOUTHBANK,2001-01-24,1.1752891540527344,1.3777888150164057,1.1752891540527344,1.3777888150164057,1484801
SOUTHBANK,2001-01-25,1.1713193655014038,1.2269072066346236,1.1335983773619276,1.1713193655014038,1133558
SOUTHBANK,2001-01-26,1.1713193655014038,1.1713193655014038,1.1713193655014038,1.1713193655014038,0
SOUTHBANK,2001-01-29,1.1455104351043701,1.1911721007715153,1.0919073353911508,1.111760233507301,509447
SOUTHBANK,2001-01-30,1.1197013854980469,1.1812451518314389,1.1157306692316167,1.151466222530912,788120
SOUTHBANK,2001-01-31,1.1435250043869019,1.2110249224195477,1.115730811379502,1.2090394953334922,474613
SOUTHBANK,2001-02-01,1.1117603778839111,1.1335984999477382,1.0938928359589457,1.1335984999477382,317860
SOUTHBANK,2001-02-02,1.1415396928787231,1.1514664165172528,1.1018340349228408,1.1117602089621546,272866
SOUTHBANK,2001-02-05,1.1713193655014038,1.1713193655014038,1.1316130875071833,1.1316130875071833,226421
SOUTHBANK,2001-02-06,1.199112892150879,1.2269070847560886,1.1534510926279038,1.1534510926279038,445585
SOUTHBANK,2001-02-07,1.1752891540527344,1.2368329895008014,1.1713191247584518,1.2368329895008014,101599
SOUTHBANK,2001-02-08,1.2566858530044556,1.2705832909883166,1.1891865630787297,1.1891865630787297,799731
SOUTHBANK,2001-02-09,1.3579357862472534,1.3579357862472534,1.2705831966313401,1.2705831966313401,2316464
SOUTHBANK,2001-02-12,1.2805094718933105,1.4274207666935876,1.2586712860257323,1.4274207666935876,952130
SOUTHBANK,2001-02-13,1.1812453269958496,1.3083037321700712,1.1792600372681306,1.3083037321700712,1094369
SOUTHBANK,2001-02-14,1.2765394449234009,1.2765394449234009,1.151466335728163,1.151466335728163,656041
SOUTHBANK,2001-02-15,1.3023474216461182,1.3499945013913333,1.270583205615128,1.270583205615128,1087112
SOUTHBANK,2001-02-16,1.2050689458847046,1.3023477307274978,1.1991129392782376,1.2824949707717488,474613
SOUTHBANK,2001-02-19,1.1733040809631348,1.2308777603337158,1.1554366100478142,1.2308777603337158,320763
SOUTHBANK,2001-02-20,1.155436396598816,1.1812451593973416,1.1514662299060803,1.1514662299060803,497836
SOUTHBANK,2001-02-21,1.1534513235092163,1.2308779104506016,1.1534513235092163,1.1872016666422658,283026
SOUTHBANK,2001-02-22,1.1474955081939697,1.1991126869574604,1.1375687868054005,1.1872012258501778,393334
SOUTHBANK,2001-02-23,1.1514663696289062,1.1613925432640206,1.1514663696289062,1.1514663696289062,227872
SOUTHBANK,2001-02-26,1.1514663696289062,1.1514663696289062,1.1117601636906667,1.1157308117644504,644429
SOUTHBANK,2001-02-27,1.0978634357452393,1.1713193665353323,1.0760252473237755,1.1514664679703654,573310
SOUTHBANK,2001-02-28,1.1872012615203857,1.1872012615203857,1.1197013539870617,1.149480900748537,174170
SOUTHBANK,2001-03-01,1.1574218273162842,1.2666127601760258,1.1514663704506027,1.2646273330878683,384625
SOUTHBANK,2001-03-02,1.1435250043869019,1.2209510960512373,1.1355836395421754,1.1951421927300947,236581
SOUTHBANK,2001-03-05,1.1474955081939697,1.1514661555294656,1.1117599569740526,1.1117599569740526,757640
SOUTHBANK,2001-03-06,1.1474955081939697,1.1474955081939697,1.1474955081939697,1.1474955081939697,0
SOUTHBANK,2001-03-07,1.1474955081939697,1.159406900601366,1.1316127814522134,1.159406900601366,190135
SOUTHBANK,2001-03-08,1.1117603778839111,1.1554367594113901,1.1018342023364065,1.1554367594113901,1892650
SOUTHBANK,2001-03-09,1.0323487520217896,1.0919072347828103,1.0323487520217896,1.0919072347828103,121919
SOUTHBANK,2001-03-12,0.962864100933075,1.012495929709516,0.9509520882992867,1.0005844666749077,97245
SOUTHBANK,2001-03-13,0.8933788537979126,0.9390405133965813,0.8874228477548192,0.8874228477548192,91439
SOUTHBANK,2001-03-14,0.9588935375213623,0.9648489260643932,0.8338204166316906,0.8338204166316906,81279
SOUTHBANK,2001-03-15,0.9132317304611206,0.9529373861856234,0.9033050073804533,0.9529373861856234,407848
SOUTHBANK,2001-03-16,0.9013197422027588,0.9529374847002834,0.8933789949563735,0.9310992962242873,68216
SOUTHBANK,2001-03-19,0.8774966597557068,0.913231664902557,0.8338202904543925,0.913231664902557,152398
SOUTHBANK,2001-03-20,0.8596287965774536,0.8755115290129503,0.8338205070932817,0.8755115290129503,272866
SOUTHBANK,2001-03-21,0.9092610478401184,0.9132317647012199,0.8755113972186699,0.9132317647012199,21771
SOUTHBANK,2001-03-22,0.9092610478401184,0.9767609673821217,0.9072757581094683,0.95293742191442,94342
SOUTHBANK,2001-03-23,0.9112464189529419,0.9172024943274879,0.9013196953619335,0.9132317774111239,65313
SOUTHBANK,2001-03-26,0.9013197422027588,0.9112464663096507,0.8953643535177329,0.9052904593254777,46445
SOUTHBANK,2001-03-27,0.8695555925369263,0.8933791435364344,0.8576441261867971,0.8933791435364344,89987
SOUTHBANK,2001-03-28,0.8894081115722656,0.9330844803596214,0.8894081115722656,0.9291138326790603,117564
SOUTHBANK,2001-03-29,0.8874226808547974,0.9132315088217413,0.8437463190182302,0.9092607930731995,100147
SOUTHBANK,2001-03-30,0.8755115270614624,0.9052905339380876,0.8735262370363839,0.8735262370363839,52251
SOUTHBANK,2001-04-02,0.9132317304611206,0.933084558323372,0.8318350606560018,0.8318350606560018,230775
SOUTHBANK,2001-04-03,0.986687183380127,0.986687183380127,0.9132318672935215,0.9132318672935215,209004
SOUTHBANK,2001-04-04,1.0660991668701172,1.0660991668701172,1.0621285181070104,1.0641138768385194,116113
SOUTHBANK,2001-04-05,1.0660991668701172,1.0660991668701172,1.0660991668701172,1.0660991668701172,0
SOUTHBANK,2001-04-06,1.1435250043869019,1.1514663692316285,1.0641136917362084,1.0740397966679986,477516
SOUTHBANK,2001-04-09,1.1157307624816895,1.1514663187676761,1.0919072185907897,1.0919072185907897,168364
SOUTHBANK,2001-04-10,1.1256574392318726,1.14153954927652,1.0263926885302528,1.0958778903615787,448488
SOUTHBANK,2001-04-11,1.1097747087478638,1.1872013433016009,1.1097747087478638,1.1872013433016009,164010
SOUTHBANK,2001-04-12,1.0958778858184814,1.1236720763556167,1.0522015166026468,1.068083695281346,348340
SOUTHBANK,2001-04-13,1.0958778858184814,1.0958778858184814,1.0958778858184814,1.0958778858184814,0
SOUTHBANK,2001-04-16,1.1157307624816895,1.1832306775560966,1.0819811140940188,1.1117601145832927,150947
SOUTHBANK,2001-04-17,1.1971276998519897,1.205069134839027,1.111760365237362,1.1157310140309689,786668
SOUTHBANK,2001-04-18,1.2269073724746704,1.2507308539518018,1.197127745828599,1.2507308539518018,595081
SOUTHBANK,2001-04-19,1.2090394496917725,1.3023476492240467,1.1911719805897594,1.2924216133668673,185781
SOUTHBANK,2001-04-20,1.1832307577133179,1.2408038851922476,1.1832307577133179,1.2110249513855147,815697
SOUTHBANK,2001-04-23,1.218965768814087,1.2308777827069737,1.159407210747559,1.159407210747559,772154
SOUTHBANK,2001-04-24,1.2963923215866089,1.3182305094840407,1.1971275563441235,1.211024997205546,1059535
SOUTHBANK,2001-04-25,1.4016125202178955,1.4016125202178955,1.3400686745898476,1.3499948486656987,1254054
SOUTHBANK,2001-04-26,1.3162450790405273,1.5147734891152076,1.290436176883135,1.5147734891152076,787772
SOUTHBANK,2001-04-27,1.3360978364944458,1.3897003807621215,1.230877625354802,1.230877625354802,797961
SOUTHBANK,2001-04-30,1.3202153444290161,1.389700630124923,1.3102893068718817,1.389700630124923,388472
SOUTHBANK,2001-05-01,1.3202153444290161,1.3202153444290161,1.3202153444290161,1.3202153444290161,0
SOUTHBANK,2001-05-02,1.3023474216461182,1.3658766781067129,1.3023474216461182,1.3658766781067129,266843
SOUTHBANK,2001-05-03,1.268597960472107,1.292421572453472,1.2308775964510665,1.2308775964510665,92890
SOUTHBANK,2001-05-04,1.31227445602417,1.3301419262691345,1.2447746049217179,1.2606567854283752,153124
SOUTHBANK,2001-05-07,1.3023474216461182,1.3102888535032307,1.2904359608592948,1.3102888535032307,152398
SOUTHBANK,2001-05-08,1.3897004127502441,1.4075678821174789,1.2705834465027643,1.2705834465027643,768555
SOUTHBANK,2001-05-09,1.31227445602417,1.3738183005118976,1.3043331596711383,1.3738183005118976,217959
SOUTHBANK,2001-05-10,1.4174944162368774,1.4174944162368774,1.332127110458458,1.3499945774448152,1020594
SOUTHBANK,2001-05-11,1.3698477745056152,1.4770534353119036,1.3499950117561237,1.4492592377030449,236349
SOUTHBANK,2001-05-14,1.4294060468673706,1.453229659601558,1.3539654538411687,1.3539654538411687,930983
SOUTHBANK,2001-05-15,1.4651418924331665,1.5008768360098894,1.349994940265112,1.349994940265112,1010535
SOUTHBANK,2001-05-16,1.3916854858398438,1.484994221837181,1.38175945137985,1.4333765618089678,182878
SOUTHBANK,2001-05-17,1.3758037090301514,1.4294061190396012,1.3499948053816457,1.3897004622106235,166985
SOUTHBANK,2001-05-18,1.3599213361740112,1.3897002654295074,1.357935909343908,1.3817595199075592,97390
SOUTHBANK,2001-05-21,1.3499948978424072,1.3658770792218844,1.3460241807477762,1.3499948978424072,145519
SOUTHBANK,2001-05-22,1.3102891445159912,1.3619062646549827,1.2983769940846561,1.3539655180330907,97157
SOUTHBANK,2001-05-23,1.2904363870620728,1.3023478517829912,1.2626421907809813,1.3023478517829912,120975
SOUTHBANK,2001-05-24,1.3102891445159912,1.3182304407370817,1.2586713373780016,1.2586713373780016,125576
SOUTHBANK,2001-05-25,1.3083038330078125,1.3301420216959048,1.2944070786422863,1.2944070786422863,91540
SOUTHBANK,2001-05-28,1.3003623485565186,1.330141829872791,1.2745539960282781,1.2904361753839424,184838
SOUTHBANK,2001-05-29,1.3063184022903442,1.3380833117571016,1.2705834630893793,1.2705834630893793,422435
SOUTHBANK,2001-05-30,1.232862949371338,1.3003622403669475,1.2249215168547496,1.2963920737077756,167580
SOUTHBANK,2001-05-31,1.244774580001831,1.2487452967987558,1.2130102196244261,1.2130102196244261,38114
SOUTHBANK,2001-06-01,1.2467596530914307,1.2467596530914307,1.2110247195254,1.2229361808477097,27591
SOUTHBANK,2001-06-04,1.199112892150879,1.2705834572217376,1.199112892150879,1.2705834572217376,36633
SOUTHBANK,2001-06-05,1.2030835151672363,1.2308777087820535,1.191172051588975,1.2308777087820535,159031
SOUTHBANK,2001-06-06,1.201098084449768,1.205068800842765,1.201098084449768,1.205068800842765,20319
SOUTHBANK,2001-06-07,1.195142388343811,1.2110251206328542,1.1911722205208783,1.195142388343811,114662
SOUTHBANK,2001-06-08,1.2110249996185303,1.2308777603468546,1.1951422689166038,1.2308777603468546,30479
SOUTHBANK,2001-06-11,1.232862949371338,1.270583311127437,1.1951420380161166,1.1951420380161166,159801
SOUTHBANK,2001-06-12,1.2229366302490234,1.2685983021624445,1.214995195116603,1.2685983021624445,229614
SOUTHBANK,2001-06-13,1.2566858530044556,1.2705832909883166,1.2010980246659093,1.2010980246659093,57331
SOUTHBANK,2001-06-14,1.2884505987167358,1.2904358878688362,1.2765391386036562,1.2765391386036562,697406
SOUTHBANK,2001-06-15,1.2963923215866089,1.3162452196751833,1.2666128370539407,1.2785243011074716,241443
SOUTHBANK,2001-06-18,1.3499948978424072,1.3579361946318602,1.195142289744363,1.195142289744363,272141
SOUTHBANK,2001-06-19,1.3539656400680542,1.359921647120646,1.3063185454460053,1.3539656400680544,470622
SOUTHBANK,2001-06-20,1.195142388343811,1.2487454934457873,1.1911722205208783,1.222936585900398,128973
SOUTHBANK,2001-06-21,1.1872012615203857,1.2209509061375496,1.179259829211016,1.2030833017404639,95880
SOUTHBANK,2001-06-22,1.1911721229553223,1.1911721229553223,1.171319361869251,1.1911721229553223,37374
SOUTHBANK,2001-06-25,1.2447677850723267,1.2469176461613554,1.203919978011947,1.2146695066415074,41655
SOUTHBANK,2001-06-26,1.2254184484481812,1.2899146496162426,1.2103696448206396,1.2899146496162426,37954
SOUTHBANK,2001-06-27,1.2404677867889404,1.2684161268674408,1.2039198544473355,1.2039198544473355,199570
SOUTHBANK,2001-06-28,1.1888712644577026,1.2684163540170934,1.1824214575131373,1.2684163540170934,287018
SOUTHBANK,2001-06-29,1.2361682653427124,1.2469178702993586,1.199620917838927,1.2211195325936686,39333
SOUTHBANK,2001-07-02,1.2361682653427124,1.2469178702993586,1.2125198635073153,1.2469178702993586,25907
SOUTHBANK,2001-07-03,1.2361682653427124,1.2361682653427124,1.2361682653427124,1.2361682653427124,0
SOUTHBANK,2001-07-04,1.2361682653427124,1.2361682653427124,1.2361682653427124,1.2361682653427124,0
SOUTHBANK,2001-07-05,1.2361682653427124,1.2361682653427124,1.2361682653427124,1.2361682653427124,0
SOUTHBANK,2001-07-06,1.289914846420288,1.289914846420288,1.289914846420288,1.289914846420288,2917
SOUTHBANK,2001-07-09,1.2447677850723267,1.2447677850723267,1.2447677850723267,1.2447677850723267,1451
SOUTHBANK,2001-07-10,1.2447677850723267,1.2447677850723267,1.2447677850723267,1.2447677850723267,0
SOUTHBANK,2001-07-11,1.163072943687439,1.163072943687439,1.163072943687439,1.163072943687439,7257
SOUTHBANK,2001-07-12,1.182421326637268,1.2039199367914746,1.182421326637268,1.182421326637268,5805
SOUTHBANK,2001-07-13,1.1781224012374878,1.2383182261854215,1.1716726678913596,1.236168290271772,54094
SOUTHBANK,2001-07-16,1.1781224012374878,1.1781224012374878,1.1781224012374878,1.1781224012374878,0
SOUTHBANK,2001-07-17,1.2039200067520142,1.2232692033840116,1.199620730840157,1.2039200067520142,230775
SOUTHBANK,2001-07-18,1.2082197666168213,1.2082197666168213,1.1953208977469363,1.1953208977469363,44993
SOUTHBANK,2001-07-19,1.1738225221633911,1.1738225221633911,1.1695226506351564,1.1695226506351564,11611
SOUTHBANK,2001-07-20,1.163072943687439,1.2039201618259088,1.163072943687439,1.2039201618259088,1523
SOUTHBANK,2001-07-23,1.163072943687439,1.163072943687439,1.163072943687439,1.163072943687439,0
SOUTHBANK,2001-07-24,1.2082197666168213,1.2082197666168213,1.2082197666168213,1.2082197666168213,290
SOUTHBANK,2001-07-25,1.1652226448059082,1.1652226448059082,1.1652226448059082,1.1652226448059082,2902
SOUTHBANK,2001-07-26,1.1652226448059082,1.1652226448059082,1.1652226448059082,1.1652226448059082,0
SOUTHBANK,2001-07-27,1.2447677850723267,1.2469176461613554,1.139424294130695,1.139424294130695,109582
SOUTHBANK,2001-07-30,1.234018325805664,1.332911947421659,1.2146696481451749,1.3114134828165058,21771
SOUTHBANK,2001-07-31,1.2211191654205322,1.3006635697262938,1.2211191654205322,1.2899145631602715,66910
SOUTHBANK,2001-08-01,1.2318682670593262,1.2469176669069395,1.1716724531442353,1.1845713223137908,27576
SOUTHBANK,2001-08-02,1.2318682670593262,1.2318682670593262,1.2318682670593262,1.2318682670593262,0
SOUTHBANK,2001-08-03,1.2254184484481812,1.2254184484481812,1.2254184484481812,1.2254184484481812,2902
SOUTHBANK,2001-08-06,1.2039200067520142,1.2039200067520142,1.2039200067520142,1.2039200067520142,20319
SOUTHBANK,2001-08-07,1.2039200067520142,1.2039200067520142,1.195320934164649,1.2039200067520142,29754
SOUTHBANK,2001-08-08,1.2211191654205322,1.2211191654205322,1.1867210945766802,1.1910208906295598,28302
SOUTHBANK,2001-08-09,1.2039200067520142,1.214669535638188,1.1716724616207943,1.214669535638188,60088
SOUTHBANK,2001-08-10,1.2275683879852295,1.23616805561255,1.1996207143094426,1.203919990162056,119524
SOUTHBANK,2001-08-13,1.2039200067520142,1.2060698678923647,1.2039200067520142,1.2060698678923647,7257
SOUTHBANK,2001-08-14,1.2254184484481812,1.2469175789431428,1.18242130338028,1.18242130338028,136143
SOUTHBANK,2001-08-15,1.2254184484481812,1.2254184484481812,1.2254184484481812,1.2254184484481812,0
SOUTHBANK,2001-08-16,1.1996208429336548,1.2684164058531786,1.1996208429336548,1.236168188155395,124386
SOUTHBANK,2001-08-17,1.2039200067520142,1.2039200067520142,1.1695225260856366,1.1867212664188254,21408
SOUTHBANK,2001-08-20,1.2146695852279663,1.2254185937893256,1.1673727126041349,1.1673727126041349,18941
SOUTHBANK,2001-08-21,1.2469176054000854,1.2512168810687683,1.1910209957281601,1.2125196059156662,31931
SOUTHBANK,2001-08-22,1.2469176054000854,1.2469176054000854,1.2469176054000854,1.2469176054000854,0
SOUTHBANK,2001-08-23,1.2469176054000854,1.2899146769854917,1.2103696705021125,1.2103696705021125,44413
SOUTHBANK,2001-08-24,1.2426178455352783,1.2512169178893173,1.2297183070691544,1.2512169178893173,30479
SOUTHBANK,2001-08-27,1.2082197666168213,1.2576666457331953,1.2082197666168213,1.2469176379381612,22351
SOUTHBANK,2001-08-28,1.2275683879852295,1.2447677976346767,1.1824213790548017,1.203919990162056,23222
SOUTHBANK,2001-08-29,1.2039200067520142,1.2039200067520142,1.188871201953983,1.188871201953983,3773
SOUTHBANK,2001-08-30,1.2318682670593262,1.2318682670593262,1.2039199980421575,1.2039199980421575,3991
SOUTHBANK,2001-08-31,1.1931710243225098,1.2361680992657762,1.1888712275544124,1.2082198294445927,20610
SOUTHBANK,2001-09-03,1.163072943687439,1.2254187016037779,1.1200758641317008,1.2232693609502272,9361
SOUTHBANK,2001-09-04,1.182421326637268,1.182421326637268,1.1222255157847016,1.1544736542004204,26270
SOUTHBANK,2001-09-05,1.160922646522522,1.1996205119622083,1.160922646522522,1.197470651214113,6821
SOUTHBANK,2001-09-06,1.1286753416061401,1.1716724138712606,1.1286753416061401,1.1716724138712606,5805
SOUTHBANK,2001-09-07,1.1007269620895386,1.1179257011430537,1.1007269620895386,1.1179257011430537,26125
SOUTHBANK,2001-09-10,1.139424204826355,1.139424204826355,1.1179256700158577,1.1179256700158577,5079
SOUTHBANK,2001-09-11,1.1265254020690918,1.1286753375088279,1.0942772632106994,1.0942772632106994,9434
SOUTHBANK,2001-09-12,1.0598798990249634,1.1480239820558353,1.0534300924589362,1.1157758419633812,41162
SOUTHBANK,2001-09-13,1.074928641319275,1.1114759807805026,1.0534300312954883,1.0534300312954883,26125
SOUTHBANK,2001-09-14,0.9975340962409973,1.0319315004649918,0.9975340962409973,1.0319315004649918,46009
SOUTHBANK,2001-09-17,0.9459373950958252,0.9889344682603927,0.9308879210430278,0.9803348006851395,71119
SOUTHBANK,2001-09-18,0.9781847596168518,0.9781847596168518,0.945937293000531,0.945937293000531,26125
SOUTHBANK,2001-09-19,1.0512800216674805,1.0706286191638588,0.9717355477991513,0.9717355477991513,4412
SOUTHBANK,2001-09-20,0.9889343976974487,0.9889343976974488,0.9588361956874939,0.9609861310266054,23948
SOUTHBANK,2001-09-21,1.0211818218231201,1.0211818218231201,0.9459372182353212,0.9459372182353212,8853
SOUTHBANK,2001-09-24,1.0104331970214844,1.0190328662323471,0.9975343255611597,0.9975343255611597,26125
SOUTHBANK,2001-09-25,1.0577300786972046,1.0577300786972046,1.0297818066050048,1.0297818066050048,11611
SOUTHBANK,2001-09-26,1.0534298419952393,1.0534298419952393,1.0534298419952393,1.0534298419952393,15965
SOUTHBANK,2001-09-27,1.079228401184082,1.079228401184082,1.0534299956340802,1.0749286049300817,31060
SOUTHBANK,2001-09-28,1.1243754625320435,1.1609228025834908,1.0749286586787945,1.1372743311754152,18142
SOUTHBANK,2001-10-01,1.0856781005859375,1.1179256416002106,1.0426810320578503,1.0426810320578503,28883
SOUTHBANK,2001-10-02,1.0856781005859375,1.0856781005859375,1.0856781005859375,1.0856781005859375,0
SOUTHBANK,2001-10-03,1.1050268411636353,1.1050268411636353,1.085678166589183,1.085678166589183,31931
SOUTHBANK,2001-10-04,1.1050268411636353,1.1071767765550213,1.0577298992387911,1.0577298992387911,27286
SOUTHBANK,2001-10-05,1.079228401184082,1.117925674732485,1.079228401184082,1.117925674732485,18868
SOUTHBANK,2001-10-08,1.031931757926941,1.0405314273064272,1.021182226998699,1.031931757926941,68797
SOUTHBANK,2001-10-09,1.031931757926941,1.042681363250004,0.9953844091773825,1.0190328862136933,75618
SOUTHBANK,2001-10-10,1.0254817008972168,1.0254817008972168,1.0254817008972168,1.0254817008972168,1451
SOUTHBANK,2001-10-11,1.0405309200286865,1.0534297854535026,1.0362311246325824,1.038381059528027,22134
SOUTHBANK,2001-10-12,1.031931757926941,1.0534302990196749,1.031931757926941,1.0512804374709193,35922
SOUTHBANK,2001-10-15,1.0340814590454102,1.044830392374152,1.0319315235900528,1.044830392374152,5297
SOUTHBANK,2001-10-16,1.0491304397583008,1.0620299058706453,1.0362315688044925,1.0362315688044925,26502
SOUTHBANK,2001-10-17,1.0426809787750244,1.053429910581167,1.0319313774157362,1.0448302443726951,39478
SOUTHBANK,2001-10-18,1.0598798990249634,1.066329036037729,1.0254818234104999,1.027631758932509,51525
SOUTHBANK,2001-10-19,1.0512800216674805,1.0534298823659207,1.0362312199627746,1.038381155056007,17475
SOUTHBANK,2001-10-22,1.074928641319275,1.0964271769482592,1.0663289741253528,1.092127306153897,15617
SOUTHBANK,2001-10-23,1.062029480934143,1.0964269523467174,1.062029480934143,1.064179415890913,50073
SOUTHBANK,2001-10-24,1.0706287622451782,1.1050268355964286,1.0534300231487608,1.0964271684690123,47838
SOUTHBANK,2001-10-25,1.0426809787750244,1.0684787126889423,1.0340813125665527,1.0426809787750244,17910
SOUTHBANK,2001-10-26,1.0426809787750244,1.0426809787750244,1.0426809787750244,1.0426809787750244,0
SOUTHBANK,2001-10-29,1.1243754625320435,1.1243754625320435,1.0749286586787945,1.0921273237911657,81453
SOUTHBANK,2001-10-30,1.117925763130188,1.117925763130188,1.0749286899278787,1.0749286899278787,34514
SOUTHBANK,2001-10-31,1.062029480934143,1.14802368022909,1.0577296854153904,1.14802368022909,67984
SOUTHBANK,2001-11-01,1.0684789419174194,1.0856782780242604,1.0448304685276948,1.0792285455828974,54428
SOUTHBANK,2001-11-02,1.079228401184082,1.105026806734084,1.0749286049300817,1.105026806734084,13062
SOUTHBANK,2001-11-05,1.1136260032653809,1.1265255431241765,1.074928797190446,1.1265255431241765,11103
SOUTHBANK,2001-11-06,1.0985771417617798,1.1179257425116758,1.0663290026781913,1.0749286701023848,47171
SOUTHBANK,2001-11-07,1.1501739025115967,1.1501739025115967,1.0770785507493967,1.0770785507493967,46735
SOUTHBANK,2001-11-08,1.117925763130188,1.117925763130188,1.0856782186102765,1.0856782186102765,12845
SOUTHBANK,2001-11-09,1.1372742652893066,1.1394242005966553,1.0964271311352713,1.100726927355169,7286
SOUTHBANK,2001-11-12,1.139424204826355,1.1609227396368524,1.1222254662517168,1.1544736032440612,40204
SOUTHBANK,2001-11-13,1.139424204826355,1.139424204826355,1.1007269314412194,1.1179256700158577,59522
SOUTHBANK,2001-11-14,1.139424204826355,1.139424204826355,1.139424204826355,1.139424204826355,0
SOUTHBANK,2001-11-15,1.1200757026672363,1.1286753702810766,1.0856782225287736,1.0856782225287736,46445
SOUTHBANK,2001-11-16,1.1200757026672363,1.1200757026672363,1.1200757026672363,1.1200757026672363,0
SOUTHBANK,2001-11-19,1.117925763130188,1.117925763130188,1.0835283575106804,1.1007270231230313,26125
SOUTHBANK,2001-11-20,1.1200757026672363,1.2017700527727133,1.1007270270958434,1.1007270270958434,56605
SOUTHBANK,2001-11-21,1.160922646522522,1.160922646522522,1.0856780411027374,1.0856780411027374,37243
SOUTHBANK,2001-11-22,1.1286753416061401,1.1329751381064173,1.1200756742107816,1.1308252026588765,84907
SOUTHBANK,2001-11-23,1.1007269620895386,1.1286753036242096,1.0749286303248609,1.1286753036242096,82005
SOUTHBANK,2001-11-26,1.0942773818969727,1.1093267828177877,1.0534301664025474,1.10287705019384,98696
SOUTHBANK,2001-11-27,1.117925763130188,1.117925763130188,1.0856782186102765,1.0856782186102765,103050
SOUTHBANK,2001-11-28,1.0921273231506348,1.1028769259090339,1.0878281218425867,1.096427194011916,26851
SOUTHBANK,2001-11-29,1.074928641319275,1.092127306153897,1.0534300312954883,1.074928641319275,43542
SOUTHBANK,2001-11-30,1.074928641319275,1.074928641319275,1.074928641319275,1.074928641319275,0
SOUTHBANK,2001-12-03,1.074928641319275,1.094277241551078,1.0534300312954883,1.0534300312954883,59566
SOUTHBANK,2001-12-04,1.0835281610488892,1.0835281610488892,1.062029553950986,1.0749284950253508,39333
SOUTHBANK,2001-12-05,1.1286753416061401,1.1286753416061401,1.0813783984459382,1.0813783984459382,39188
SOUTHBANK,2001-12-06,1.096427083015442,1.1179256168026095,1.0856780765036447,1.0878280117166372,29028
SOUTHBANK,2001-12-07,1.0835281610488892,1.1114758295126168,1.077078355735141,1.0964270277284616,48041
SOUTHBANK,2001-12-10,1.1050268411636353,1.137274309743579,1.085678166589183,1.117925709563929,65604
SOUTHBANK,2001-12-11,1.1200757026672363,1.1351245072343061,1.0770785549149333,1.1351245072343061,60959
SOUTHBANK,2001-12-12,1.1136260032653809,1.1394244134296527,1.1007271329599047,1.1179258746832506,42889
SOUTHBANK,2001-12-13,1.1028770208358765,1.1286754298812438,1.096427288383617,1.1286754298812438,13004
SOUTHBANK,2001-12-14,1.087828278541565,1.0964273519495695,1.0663291443226735,1.0663291443226735,63934
SOUTHBANK,2001-12-17,1.087828278541565,1.087828278541565,1.087828278541565,1.087828278541565,0
SOUTHBANK,2001-12-18,1.0577300786972046,1.074928820798273,1.0534302071849002,1.074928820798273,59508
SOUTHBANK,2001-12-19,1.036231279373169,1.0663288845081709,1.0276316129019862,1.0276316129019862,46445
SOUTHBANK,2001-12-20,1.0211818218231201,1.031931348486259,1.0039830850466829,1.0147326861046135,48840
SOUTHBANK,2001-12-21,1.0061330795288086,1.0190325420439412,0.9975340082121581,1.0104328755689207,46880
SOUTHBANK,2001-12-24,1.0211818218231201,1.0211818218231201,0.9588360848306694,0.9588360848306694,21771
SOUTHBANK,2001-12-25,1.0211818218231201,1.0211818218231201,1.0211818218231201,1.0211818218231201,0
SOUTHBANK,2001-12-26,1.0168827772140503,1.0168827772140503,0.9889345074417247,0.9889345074417247,2177
SOUTHBANK,2001-12-27,0.9889343976974487,1.0319314677940679,0.9824846660749148,1.0104329327457584,25399
SOUTHBANK,2001-12-28,0.9201388955116272,0.9889343693637367,0.9115392287963686,0.9889343693637367,323884
SOUTHBANK,2001-12-31,0.9910845756530762,1.0082832442333798,0.9566864945442823,0.9867847039222489,105953
SOUTHBANK,2002-01-01,1.001833200454712,1.0276316044989342,0.9996832652557974,1.0276316044989342,37882
SOUTHBANK,2002-01-02,1.0082828998565674,1.0233317018263908,0.8556432339469816,0.8556432339469816,64515
SOUTHBANK,2002-01-03,1.0082828998565674,1.1566228442935238,0.9717355649183903,1.1566228442935238,90016
SOUTHBANK,2002-01-04,1.0061330795288086,1.117925619122633,0.9889343417371376,1.117925619122633,140148
SOUTHBANK,2002-01-07,0.9889343976974487,1.1566229561953028,0.9889343976974488,1.1566229561953028,105256
SOUTHBANK,2002-01-08,1.0061330795288086,1.1566228907460872,0.9889343417371376,1.1566228907460872,32003
SOUTHBANK,2002-01-09,0.9932345151901245,1.115776024308479,0.9824849102181376,1.115776024308479,168640
SOUTHBANK,2002-01-10,1.01903235912323,1.0319312241645906,0.9975338291505258,0.9996830944290112,43324
SOUTHBANK,2002-01-11,0.9803345799446106,1.1136256404103861,0.9803345799446105,1.1136256404103861,120250
SOUTHBANK,2002-01-14,1.0104331970214844,1.107177039213337,1.0104331970214844,1.107177039213337,91816
SOUTHBANK,2002-01-15,1.0061330795288086,1.0276316133605918,1.0061330795288086,1.0104328755689207,26851
SOUTHBANK,2002-01-16,0.995384156703949,1.1996206544530326,0.9889344249039768,1.1996206544530326,49507
SOUTHBANK,2002-01-17,1.0104331970214844,1.0211822069752083,0.9975343255611597,0.999683591909201,80553
SOUTHBANK,2002-01-18,1.0254817008972168,1.0641795685376956,1.0039831665884096,1.021181904761698,334334
SOUTHBANK,2002-01-21,1.01903235912323,1.0319312241645906,1.0039829640920743,1.0125826290234181,123385
SOUTHBANK,2002-01-22,1.031931757926941,1.0383815657576716,0.993234547628627,0.993234547628627,175621
SOUTHBANK,2002-01-23,1.0706287622451782,1.1071767709769833,1.0534300231487608,1.0706287622451782,949750
SOUTHBANK,2002-01-24,1.0684789419174194,1.096427286531259,1.0534301365811154,1.096427286531259,410025
SOUTHBANK,2002-01-25,1.0835281610488892,1.182421158540905,1.0749284950253508,1.182421158540905,134459
SOUTHBANK,2002-01-28,1.074928641319275,1.1157757771800623,1.0362313664608662,1.0362313664608662,87462
SOUTHBANK,2002-01-29,1.062029480934143,1.1179254835717574,1.0534298155018504,1.0749284211216776,142384
SOUTHBANK,2002-01-30,1.0577300786972046,1.074928820798273,1.0555801429410523,1.074928820798273,97607
SOUTHBANK,2002-01-31,1.0663291215896606,1.0749287899728444,1.05558011267048,1.0749287899728444,61336
SOUTHBANK,2002-02-01,1.0577300786972046,1.074928820798273,0.8642424817820334,0.8642424817820334,75052
SOUTHBANK,2002-02-04,1.1996208429336548,1.2598166629089813,1.070628939275105,1.1609229668173515,1273605
SOUTHBANK,2002-02-05,1.1265254020690918,1.25766662823073,1.1179257347049518,1.2039199533178213,540189
SOUTHBANK,2002-02-06,1.163072943687439,1.2039201618259088,1.1394244680974845,1.1394244680974845,363449
SOUTHBANK,2002-02-07,1.1888712644577026,1.285615095254489,1.18027159625976,1.1824214575131373,599871
SOUTHBANK,2002-02-08,1.2426178455352783,1.2727153799198696,1.1974708372077416,1.2254185105103166,1015281
SOUTHBANK,2002-02-11,1.2705656290054321,1.2899148267901308,1.2469177502112465,1.2899148267901308,680657
SOUTHBANK,2002-02-12,1.2533668279647827,1.2791651619574214,1.246917690835472,1.2684163024960042,798352
SOUTHBANK,2002-02-13,1.2426178455352783,1.2899147149448313,1.2361680391048138,1.2770152508735126,178161
SOUTHBANK,2002-02-14,1.3716087341308594,1.3974070595096875,1.2383176095245978,1.2490665397918594,1076459
SOUTHBANK,2002-02-15,1.5199493169784546,1.558647119385797,1.3888080704181118,1.4404047435222187,2110116
SOUTHBANK,2002-02-18,1.7349356412887573,1.8230796697312706,1.6381917200361509,1.7628838422225013,3996771
SOUTHBANK,2002-02-19,1.6166930198669434,1.8015809429322347,1.5779956652450746,1.7628835883103662,2162134
SOUTHBANK,2002-02-20,1.586595058441162,1.7198861321325367,1.5113497807085112,1.7198861321325367,1408253
SOUTHBANK,2002-02-21,1.6166930198669434,1.6768894338640745,1.5908945354696549,1.5994942782514605,895002
SOUTHBANK,2002-02-22,1.6682891845703125,1.715586118824463,1.612392658934918,1.612392658934918,1289019
SOUTHBANK,2002-02-25,1.6618399620056152,1.6983879017752224,1.63389176503652,1.676889437511698,668450
SOUTHBANK,2002-02-26,1.6704397201538086,1.696238056054619,1.644641235463371,1.6768894529186387,714373
SOUTHBANK,2002-02-27,1.5844451189041138,1.715586337568877,1.5693957948706898,1.698387598982219,943799
SOUTHBANK,2002-02-28,1.4554535150527954,1.6553901619428708,1.3544104841832687,1.5887446129795124,1199771
SOUTHBANK,2002-03-01,1.5048997402191162,1.5693954029856256,1.4619026813046307,1.4941507358722288,505282
SOUTHBANK,2002-03-04,1.5199493169784546,1.5908945937069705,1.4726529617915476,1.5908945937069705,549594
SOUTHBANK,2002-03-05,1.6940878629684448,1.784381872148958,1.4898513746628654,1.4898513746628654,3690885
SOUTHBANK,2002-03-06,2.0251662731170654,2.0337658679639845,1.7413852971750676,1.8015811219967384,13143830
SOUTHBANK,2002-03-07,2.0617141723632812,2.231552633205072,2.042364972779141,2.1068612631988146,10498547
SOUTHBANK,2002-03-08,1.9972172975540161,2.147707705094984,1.9692697018014211,2.0294655077227834,3008820
SOUTHBANK,2002-03-11,1.9348716735839844,2.0832122235662713,1.9176729352787767,1.9886183445448458,2147853
SOUTHBANK,2002-03-12,1.8424280881881714,1.9542207317720084,1.8295292174166504,1.9542207317720084,1747769
SOUTHBANK,2002-03-13,1.8660762310028076,1.9305719124753402,1.8058804203373566,1.8058804203373566,1736056
SOUTHBANK,2002-03-14,2.0144166946411133,2.072462641567459,1.913373083193719,1.9241226853109792,3315142
SOUTHBANK,2002-03-15,2.046664237976074,2.085362182120585,1.9563702252890474,2.063862977086781,2655762
SOUTHBANK,2002-03-18,2.003667116165161,2.1885550076117495,1.982168655624972,2.149857808397329,2025483
SOUTHBANK,2002-03-19,1.915522813796997,2.0466638636851697,1.8940242078532425,2.0423641424964187,1034730
SOUTHBANK,2002-03-20,1.881125807762146,1.977868963310987,1.861776611251846,1.977868963310987,914248
SOUTHBANK,2002-03-21,1.9133731126785278,1.9993674015185965,1.883274910718543,1.8918746520607113,1578388
SOUTHBANK,2002-03-22,1.8596264123916626,1.9219728251039516,1.848877554218476,1.9219728251039516,582846
SOUTHBANK,2002-03-25,1.8596264123916626,1.8596264123916624,1.8596264123916624,1.8596264123916624,0
SOUTHBANK,2002-03-26,1.7865315675735474,1.9241225038986538,1.7628830998194598,1.8725256981910603,451579
SOUTHBANK,2002-03-27,1.8316792249679565,1.8488779672880085,1.724185857953169,1.8123306212591939,439039
SOUTHBANK,2002-03-28,1.8897247314453125,1.9348718133299183,1.8187793170552173,1.8746760017296593,526327
SOUTHBANK,2002-03-29,1.8897247314453125,1.8897247314453125,1.8897247314453125,1.8897247314453125,0
SOUTHBANK,2002-04-01,1.868226170539856,1.990768243429287,1.8381279687598695,1.990768243429287,699293
SOUTHBANK,2002-04-02,1.863926649093628,1.930572201554231,1.8488779173583152,1.930572201554231,465905
SOUTHBANK,2002-04-03,1.863926649093628,1.8746762533261463,1.827379304051789,1.8531776400196203,241617
SOUTHBANK,2002-04-04,1.8553274869918823,1.8961745511031443,1.844577883704629,1.8918748288199345,366831
SOUTHBANK,2002-04-05,1.8467278480529785,1.8789760645585125,1.8338289780617092,1.8703763219322564,638348
SOUTHBANK,2002-04-08,1.8488774299621582,1.896174217978634,1.82952868308695,1.896174217978634,455803
SOUTHBANK,2002-04-09,1.857476830482483,1.8789754359071913,1.8359782250577747,1.8510271000654974,344203
SOUTHBANK,2002-04-10,1.7972809076309204,1.887574925233381,1.788681909581464,1.8359787050924614,538418
SOUTHBANK,2002-04-11,1.8187791109085083,1.8596263172894947,1.8058802436969812,1.8273788516814957,734098
SOUTHBANK,2002-04-12,1.8144797086715698,1.8703762480590445,1.8058805615434415,1.8531775074339363,535225
SOUTHBANK,2002-04-15,1.8359787464141846,1.8897248288693214,1.827379153012732,1.8553274967908184,1152034
SOUTHBANK,2002-04-16,1.8897247314453125,1.9456214161197543,1.8058804483816884,1.8187793170552173,1432172
SOUTHBANK,2002-04-17,1.851027488708496,1.928422038118539,1.8488776277146388,1.928422038118539,726797
SOUTHBANK,2002-04-18,1.8467278480529785,1.9133733983776846,1.8424279767398506,1.9133733983776846,389923
SOUTHBANK,2002-04-19,1.8209292888641357,1.8574772233963035,1.8080304204599478,1.8316788914295092,352056
SOUTHBANK,2002-04-22,1.8123306035995483,1.844578077747086,1.7951311174989324,1.827379335594621,313680
SOUTHBANK,2002-04-23,1.8187791109085083,1.8596263172894947,1.8080302532850236,1.8080302532850236,252271
SOUTHBANK,2002-04-24,1.8467278480529785,1.8789760645585125,1.810180504182431,1.8617767280956234,390881
SOUTHBANK,2002-04-25,1.8402777910232544,1.9219728021456508,1.8252290624234366,1.848877532133311,762285
SOUTHBANK,2002-04-26,1.8746758699417114,1.9348716773102619,1.8617764070165714,1.8617764070165714,964264
SOUTHBANK,2002-04-29,1.8424280881881714,1.9133735141174883,1.8316792275980798,1.9133735141174883,629393
SOUTHBANK,2002-04-30,1.8424280881881714,1.8875751774159184,1.8316792275980798,1.8811260396094218,479563
SOUTHBANK,2002-05-01,1.8424280881881714,1.8424280881881714,1.8424280881881714,1.8424280881881714,0
SOUTHBANK,2002-05-02,1.8316792249679565,1.9112236499813489,1.8273793534009037,1.8789761755195868,1057721
SOUTHBANK,2002-05-03,1.8424280881881714,1.8768261680361948,1.7413851979322175,1.8703764350711705,746246
SOUTHBANK,2002-05-06,1.8101803064346313,1.8574772490263727,1.7843819741118634,1.8574772490263727,611337
SOUTHBANK,2002-05-07,1.7886818647384644,1.827379066071402,1.7757822520655877,1.7972808625723402,457269
SOUTHBANK,2002-05-08,1.8144797086715698,1.8445779139369565,1.7908318308847908,1.8058805615434415,775870
SOUTHBANK,2002-05-09,1.8144797086715698,1.8574773785772345,1.795130958080004,1.827379173311848,451246
SOUTHBANK,2002-05-10,1.8058805465698242,1.835978751585649,1.784382083769291,1.784382083769291,315277
SOUTHBANK,2002-05-13,1.7822322845458984,1.8359789686657169,1.7671835522327135,1.8359789686657169,483104
SOUTHBANK,2002-05-14,1.7134363651275635,1.8273788377897044,1.6983874884423962,1.8230789674358985,555428
SOUTHBANK,2002-05-15,1.6639899015426636,1.7091368382502947,1.6424912894011154,1.69838782975876,393798
SOUTHBANK,2002-05-16,1.6338913440704346,1.6983874641919492,1.6123927365563213,1.6596896730873703,385090
SOUTHBANK,2002-05-17,1.5973443984985352,1.6295924664252146,1.5736959244646946,1.5951943884331077,484048
SOUTHBANK,2002-05-20,1.4705026149749756,1.6016438315126744,1.464052883523892,1.6016438315126744,458924
SOUTHBANK,2002-05-21,1.3737589120864868,1.4361047307053123,1.2899146328060807,1.294213908327514,871722
SOUTHBANK,2002-05-22,1.416756272315979,1.4619033614084702,1.3759092035734641,1.4081566779849206,362491
SOUTHBANK,2002-05-23,1.4189062118530273,1.440404675846697,1.3974075990697337,1.440404675846697,117695
SOUTHBANK,2002-05-24,1.5285484790802002,1.5414479412880973,1.4662028142872359,1.4834014028796834,508809
SOUTHBANK,2002-05-27,1.5457473993301392,1.6274424158893748,1.4834015783718337,1.5478972603559291,975222
SOUTHBANK,2002-05-28,1.4597532749176025,1.5629467542911053,1.4468542573842242,1.5629467542911053,739599
SOUTHBANK,2002-05-29,1.5435975790023804,1.5650961918993895,1.4834017604700047,1.4963013745770848,322664
SOUTHBANK,2002-05-30,1.5414482355117798,1.5607968373584307,1.5156499013300886,1.5435975015351178,292228
SOUTHBANK,2002-05-31,1.5435975790023804,1.5586470543991613,1.4877016318390313,1.5263989862640228,490608
SOUTHBANK,2002-06-03,1.5736957788467407,1.6209925737483089,1.5500473070011516,1.556497039021377,490535
SOUTHBANK,2002-06-04,1.5930441617965698,1.6209923519721694,1.5736955635415135,1.588744291441503,601917
SOUTHBANK,2002-06-05,1.681188702583313,1.7198866556156152,1.6252927504384447,1.6381916217469645,692500
SOUTHBANK,2002-06-06,1.6510909795761108,1.7155865163800823,1.6102431714312389,1.7155865163800823,396164
SOUTHBANK,2002-06-07,1.6209925413131714,1.6768892257725962,1.616692819245463,1.6446410126855682,409880
SOUTHBANK,2002-06-10,1.6639899015426636,1.7048369670323655,1.6403414281869608,1.6768893664068316,373377
SOUTHBANK,2002-06-11,1.687638282775879,1.7198863480175073,1.6768892748710962,1.698387737049496,543207
SOUTHBANK,2002-06-12,1.7220362424850464,1.7757823245777666,1.689788176618494,1.7134366491415818,1276755
SOUTHBANK,2002-06-13,1.7822322845458984,1.8037308986779723,1.7198866011421508,1.7542840861742022,1556530
SOUTHBANK,2002-06-14,1.809383749961853,1.8344192897990375,1.7866243258083419,1.8344192897990375,682936
SOUTHBANK,2002-06-17,1.8139355182647705,1.8753860633898936,1.7980039712958937,1.7980039712958937,689496
SOUTHBANK,2002-06-18,1.802555799484253,1.8776624223933163,1.7980043554943,1.8662829460767851,451681
SOUTHBANK,2002-06-19,1.7752447128295898,1.8116597256546787,1.7524845028515272,1.8116597256546787,243112
SOUTHBANK,2002-06-20,1.7638647556304932,1.8093837617507476,1.7342771417498433,1.7342771417498433,940824
SOUTHBANK,2002-06-21,1.8685585260391235,1.952768485330195,1.807107355338184,1.807107355338184,2591580
SOUTHBANK,2002-06-24,1.864006519317627,1.941389081047753,1.8480749729486368,1.9322850927393496,700425
SOUTHBANK,2002-06-25,1.8344192504882812,1.9026978365189493,1.802555679316212,1.889042402842791,492974
SOUTHBANK,2002-06-26,1.7934521436691284,1.8344190707502386,1.7866241124667603,1.7911760282572475,610321
SOUTHBANK,2002-06-27,1.7957279682159424,1.8207635032045157,1.784347864551521,1.813935472509188,124575
SOUTHBANK,2002-06-28,1.7797962427139282,1.8549028667172007,1.7297253175617457,1.8321434412025717,589711
SOUTHBANK,2002-07-01,1.7843483686447144,1.8184880592162205,1.69012394418605,1.69012394418605,1897062
SOUTHBANK,2002-07-02,1.7866243124008179,1.7970939719171766,1.7565814758016622,1.7970939719171766,637535
SOUTHBANK,2002-07-03,1.7397396564483643,1.8271360408135788,1.7265394455717429,1.8271360408135788,564950
SOUTHBANK,2002-07-04,1.732911467552185,1.7825273197663323,1.7247183969048379,1.7588572938852831,591017
SOUTHBANK,2002-07-05,1.7247185707092285,1.752484662162085,1.7137936878286237,1.752484662162085,586721
SOUTHBANK,2002-07-08,1.7543056011199951,1.7802514307537638,1.7265395089329667,1.746112529430375,1012437
SOUTHBANK,2002-07-09,1.7397396564483643,1.7866243318405441,1.735187582582305,1.775700079138624,636272
SOUTHBANK,2002-07-10,1.7115176916122437,1.7629542827388422,1.7010486621737644,1.7629542827388422,935366
SOUTHBANK,2002-07-11,1.7033249139785767,1.7438367869682467,1.6946761455137245,1.7438367869682467,530943
SOUTHBANK,2002-07-12,1.701048493385315,1.7329114317385659,1.6259418819707026,1.6259418819707026,404162
SOUTHBANK,2002-07-15,1.6605361700057983,1.7115176956360822,1.6518880330783023,1.7115176956360822,247916
SOUTHBANK,2002-07-16,1.6473363637924194,1.6796551665192672,1.639142660403418,1.6582606190720808,339196
SOUTHBANK,2002-07-17,1.5918023586273193,1.6646330194644003,1.5640356376798512,1.6646330194644003,435178
SOUTHBANK,2002-07-18,1.640963077545166,1.654163917775415,1.5981752551918154,1.5981752551918154,466253
SOUTHBANK,2002-07-19,1.643239140510559,1.6687299038212178,1.630494152646876,1.6687299038212178,375322
SOUTHBANK,2002-07-22,1.5918023586273193,1.6687298701498103,1.5831542217062127,1.6687298701498103,351040
SOUTHBANK,2002-07-23,1.611375331878662,1.6177481399090587,1.5403655725586982,1.5663115552063556,194054
SOUTHBANK,2002-07-24,1.6090997457504272,1.6218453647557198,1.5963545992951496,1.613196439347363,300153
SOUTHBANK,2002-07-25,1.587705373764038,1.6473356553890603,1.5831539308478808,1.6259417472086672,183531
SOUTHBANK,2002-07-26,1.5599396228790283,1.5831542707263324,1.540365815113029,1.5617597278863604,284013
SOUTHBANK,2002-07-29,1.5212479829788208,1.5490148645371558,1.4975781100791026,1.5403659390689772,507706
SOUTHBANK,2002-07-30,1.502130150794983,1.5617598186193387,1.465714502099947,1.5449179788274743,280762
SOUTHBANK,2002-07-31,1.4825570583343506,1.5171511862817921,1.454790333296244,1.4657145874945434,349574
SOUTHBANK,2002-08-01,1.52989661693573,1.5426416035340194,1.4784598722785944,1.4975778247259566,216667
SOUTHBANK,2002-08-02,1.4957572221755981,1.5189718695213346,1.4871089276569058,1.5189718695213346,644589
SOUTHBANK,2002-08-05,1.5039507150650024,1.5235238916771914,1.4529693482421762,1.4975779063850794,212487
SOUTHBANK,2002-08-06,1.4957572221755981,1.5189718695213346,1.4634390571733467,1.4634390571733467,239919
SOUTHBANK,2002-08-07,1.4957572221755981,1.5189718695213346,1.4871089276569058,1.4975779572102323,158654
SOUTHBANK,2002-08-08,1.487108826637268,1.5062267794772264,1.4761839446216218,1.4807360181739693,212255
SOUTHBANK,2002-08-09,1.5062267780303955,1.5171508724523186,1.4183743890824667,1.4611628408235677,424264
SOUTHBANK,2002-08-12,1.4593420028686523,1.51487480746971,1.4547899296421045,1.51487480746971,155446
SOUTHBANK,2002-08-13,1.487108826637268,1.5171508739096426,1.469811136158323,1.5171508739096426,96025
SOUTHBANK,2002-08-14,1.4912053346633911,1.5125992496479967,1.4679905268999456,1.4975781443559781,117927
SOUTHBANK,2002-08-15,1.4912053346633911,1.4912053346633911,1.4912053346633911,1.4912053346633911,0
SOUTHBANK,2002-08-16,1.4957572221755981,1.5107787981404652,1.4761840448991301,1.5107787981404652,84966
SOUTHBANK,2002-08-19,1.512598991394043,1.5449177849837021,1.4934810381304193,1.5449177849837021,170309
SOUTHBANK,2002-08-20,1.5171509981155396,1.5235239646172254,1.4975779780829268,1.4975779780829268,52396
SOUTHBANK,2002-08-21,1.5235238075256348,1.5298966158535572,1.5062267474807123,1.5235238075256348,46300
SOUTHBANK,2002-08-22,1.512598991394043,1.5426416693987652,1.508502770924404,1.5298966822563151,110670
SOUTHBANK,2002-08-23,1.5512906312942505,1.5854295305983996,1.5085028075904179,1.5085028075904179,426789
SOUTHBANK,2002-08-26,1.553566336631775,1.5981750455893808,1.5403654981328305,1.5663114795268553,233692
SOUTHBANK,2002-08-27,1.5362699031829834,1.553566968621047,1.5212481663572885,1.54264208343115,286510
SOUTHBANK,2002-08-28,1.5039507150650024,1.521247776065325,1.493481055800371,1.51897181797011,148552
SOUTHBANK,2002-08-29,1.4679906368255615,1.518972173083783,1.4593424980952192,1.518972173083783,220426
SOUTHBANK,2002-08-30,1.5171509981155396,1.5321727318064309,1.4912051690978998,1.514875039911361,94269
SOUTHBANK,2002-09-02,1.4848328828811646,1.540365691990186,1.4848328828811646,1.540365691990186,140787
SOUTHBANK,2002-09-03,1.4912053346633911,1.5403659743251894,1.4893844418845512,1.5189720593405838,81729
SOUTHBANK,2002-09-04,1.489384412765503,1.4975781150767342,1.4761842005104024,1.4761842005104024,74965
SOUTHBANK,2002-09-05,1.487108826637268,1.497577855479431,1.4634389577616083,1.497577855479431,117274
SOUTHBANK,2002-09-06,1.487108826637268,1.536269456816185,1.4784599026394727,1.536269456816185,203532
SOUTHBANK,2002-09-09,1.4698110818862915,1.5321725497960397,1.4679901895259297,1.5189717102499771,76126
SOUTHBANK,2002-09-10,1.4698110818862915,1.4698110818862915,1.4698110818862915,1.4698110818862915,0
SOUTHBANK,2002-09-11,1.4761841297149658,1.4934811922961424,1.4593422902977675,1.4761841297149658,161209
SOUTHBANK,2002-09-12,1.4743632078170776,1.4975778535560222,1.4634389558820458,1.493481003115836,840037
SOUTHBANK,2002-09-13,1.4807363748550415,1.4975782162173805,1.478460258772272,1.489384513352778,153850
SOUTHBANK,2002-09-16,1.4807363748550415,1.4975782162173805,1.4761843002061863,1.4957574808678489,112484
SOUTHBANK,2002-09-17,1.4679906368255615,1.4807364146818374,1.4547904233239286,1.4784602985378479,75865
SOUTHBANK,2002-09-18,1.4465965032577515,1.4720872675633936,1.4379483658245802,1.4679904166354052,88899
SOUTHBANK,2002-09-19,1.429298996925354,1.4484169460798217,1.4229261896905823,1.4229261896905823,155156
SOUTHBANK,2002-09-20,1.425202488899231,1.4547901020364697,1.392883694509069,1.4547901020364697,69232
SOUTHBANK,2002-09-23,1.4183745384216309,1.4679903968837895,1.412002359360117,1.4142784751320772,193619
SOUTHBANK,2002-09-24,1.3865116834640503,1.425202661228309,1.3737660643981637,1.4165538932955068,160991
SOUTHBANK,2002-09-25,1.3865116834640503,1.4038087467796376,1.3692139900817732,1.3692139900817732,56677
SOUTHBANK,2002-09-26,1.388787865638733,1.4038088137544285,1.3842357911051661,1.3906086009421519,141803
SOUTHBANK,2002-09-27,1.388787865638733,1.4038088137544285,1.3778629812681802,1.3842357911051661,124139
SOUTHBANK,2002-09-30,1.3778626918792725,1.3887875739553008,1.3564687809032188,1.3801386499097026,103965
SOUTHBANK,2002-10-01,1.3587446212768555,1.3714896071036935,1.3478197401468375,1.3714896071036935,112702
SOUTHBANK,2002-10-02,1.3587446212768555,1.3587446212768555,1.3587446212768555,1.3587446212768555,0
SOUTHBANK,2002-10-03,1.3500961065292358,1.3692139038574598,1.3327988867862441,1.3327988867862441,137275
SOUTHBANK,2002-10-04,1.3610209226608276,1.3692138364241988,1.3500960400375193,1.3673937314785938,88522
SOUTHBANK,2002-10-07,1.3692138195037842,1.4056294643981773,1.1980626039949327,1.1980626039949327,73732
SOUTHBANK,2002-10-08,1.3778626918792725,1.3906083088763155,1.3692137678336742,1.3906083088763155,45734
SOUTHBANK,2002-10-09,1.3587446212768555,1.3842353805136978,1.3309779042066634,1.3309779042066634,119959
SOUTHBANK,2002-10-10,1.3437237739562988,1.3692139079422037,1.309584242489782,1.309584242489782,45110
SOUTHBANK,2002-10-11,1.3610209226608276,1.4056294817686077,1.3478199243764208,1.4056294817686077,85546
SOUTHBANK,2002-10-14,1.3500961065292358,1.3887877119236354,1.3264260776546195,1.3264260776546195,72091
SOUTHBANK,2002-10-15,1.3500961065292358,1.3500961065292358,1.3500961065292358,1.3500961065292358,0
SOUTHBANK,2002-10-16,1.3437237739562988,1.3692139079422037,1.3373509648056623,1.3692139079422037,85590
SOUTHBANK,2002-10-17,1.3523720502853394,1.4333962578591801,1.3309781374133094,1.3992567268605625,145185
SOUTHBANK,2002-10-18,1.3327986001968384,1.3587445817488684,1.3264257924355476,1.3478197009366721,290704
SOUTHBANK,2002-10-21,1.3327986001968384,1.3523717739875778,1.3264257924355476,1.341447523241896,295799
SOUTHBANK,2002-10-22,1.3264261484146118,1.3500961785519379,1.313681159538114,1.3478200626573191,255333
SOUTHBANK,2002-10-23,1.318232774734497,1.3373506463253035,1.3073078941422314,1.3350746886039826,119408
SOUTHBANK,2002-10-24,1.3264261484146118,1.4333963496948319,1.3050322341719045,1.4120024354521246,184518
SOUTHBANK,2002-10-25,1.3200539350509644,1.386511634447392,1.3050322005996025,1.386511634447392,150149
SOUTHBANK,2002-10-28,1.3396269083023071,1.3610208187161774,1.30093522901011,1.3264259110260943,137623
SOUTHBANK,2002-10-29,1.3373509645462036,1.356468919444415,1.3327988905037766,1.3350750062833217,151063
SOUTHBANK,2002-10-30,1.3309780359268188,1.361020871320181,1.3287020778682292,1.361020871320181,185796
SOUTHBANK,2002-10-31,1.3287022113800049,1.3478200089665304,1.3200539164249863,1.3478200089665304,83529
SOUTHBANK,2002-11-01,1.3373509645462036,1.356468919444415,1.3159571301434418,1.345999259408497,110307
SOUTHBANK,2002-11-04,1.3714896440505981,1.4229263869799467,1.3264258667562512,1.4229263869799467,89886
SOUTHBANK,2002-11-05,1.3414479494094849,1.352372203625717,1.335075139623602,1.347820129128653,80045
SOUTHBANK,2002-11-06,1.3414479494094849,1.3414479494094849,1.3414479494094849,1.3414479494094849,0
SOUTHBANK,2002-11-07,1.3287022113800049,1.358744892275492,1.3182331025401592,1.3200539164249863,339515
SOUTHBANK,2002-11-08,1.2900110483169556,1.322329133474345,1.2754445384629804,1.322329133474345,270762
SOUTHBANK,2002-11-11,1.2836382389068604,1.3182329909654964,1.2754445377394843,1.2945631212911446,175331
SOUTHBANK,2002-11-12,1.285914421081543,1.300935526600448,1.266796543023383,1.2836384625902921,176521
SOUTHBANK,2002-11-13,1.240850567817688,1.296838608250937,1.2240086491215756,1.288190391726365,457893
SOUTHBANK,2002-11-14,1.2454026937484741,1.2622446142083634,1.2367538462514656,1.2390298836217342,311967
SOUTHBANK,2002-11-15,1.275444746017456,1.2818176344948,1.2622445334495562,1.2622445334495562,164866
SOUTHBANK,2002-11-18,1.2731684446334839,1.2945630640928294,1.268617079953562,1.268617079953562,265987
SOUTHBANK,2002-11-19,1.2731684446334839,1.2731684446334839,1.2731684446334839,1.2731684446334839,0
SOUTHBANK,2002-11-20,1.268617033958435,1.3159569270157874,1.2622442257927249,1.305031966751977,261560
SOUTHBANK,2002-11-21,1.275444746017456,1.2922872954665023,1.2708933803932085,1.2922872954665023,201166
SOUTHBANK,2002-11-22,1.296838641166687,1.3182331859779923,1.2836384288015894,1.2836384288015894,619915
SOUTHBANK,2002-11-25,1.3287022113800049,1.345999273840036,1.305032182185581,1.3095842562768145,366396
SOUTHBANK,2002-11-26,1.3478201627731323,1.367393973337438,1.3264262469412893,1.3264262469412893,401418
SOUTHBANK,2002-11-27,1.3969805240631104,1.4443204208382479,1.3373508631435866,1.3523719660163274,900518
SOUTHBANK,2002-11-28,1.42702317237854,1.4333959802074079,1.4038083714042322,1.4120020714794226,540116
SOUTHBANK,2002-11-29,1.401532530784607,1.4315753651610197,1.3928836069247643,1.4292992496628278,265682
SOUTHBANK,2002-12-02,1.4183745384216309,1.4420445672833926,1.412002359360117,1.4270234633217547,805711
SOUTHBANK,2002-12-03,1.401532530784607,1.4379481735226705,1.3969804573048663,1.4333961000429298,470462
SOUTHBANK,2002-12-04,1.382414698600769,1.4056295035369428,1.3737659315046198,1.3951598438837154,165011
SOUTHBANK,2002-12-05,1.3992565870285034,1.4206504977625731,1.3824145923038074,1.3824145923038074,223605
SOUTHBANK,2002-12-06,1.42702317237854,1.4529691542057013,1.4015324136129597,1.4015324136129597,402115
SOUTHBANK,2002-12-09,1.4570661783218384,1.4957573120620677,1.4356724222417503,1.4547902200126093,1925742
SOUTHBANK,2002-12-10,1.4379483461380005,1.4547901851965714,1.4229266121132564,1.4229266121132564,319108
SOUTHBANK,2002-12-11,1.463438868522644,1.4761838546054817,1.4547899450522508,1.463438868522644,740542
SOUTHBANK,2002-12-12,1.510778784751892,1.5362695475608423,1.4679903304422537,1.5362695475608423,1641946
SOUTHBANK,2002-12-13,1.5403656959533691,1.5535665361476239,1.51487493433969,1.5212477428805955,932493
SOUTHBANK,2002-12-16,1.52989661693573,1.57905724610511,1.5189717351444316,1.5617595559813815,1098288
SOUTHBANK,2002-12-17,1.5362699031829834,1.557663820256845,1.4761843735304296,1.5449181996269776,987443
SOUTHBANK,2002-12-18,1.5576634407043457,1.5940784556639667,1.5321726782059657,1.5940784556639667,1012045
SOUTHBANK,2002-12-19,1.52989661693573,1.5704083222849243,1.5276206589646173,1.553566485325318,1118303
SOUTHBANK,2002-12-20,1.525344967842102,1.5576637690432684,1.5039510514716394,1.5039510514716394,442465
SOUTHBANK,2002-12-23,1.5385448932647705,1.553566626785189,1.5189718734542805,1.553566626785189,333144
SOUTHBANK,2002-12-24,1.52989661693573,1.553566485325318,1.5189717351444316,1.553566485325318,450157
SOUTHBANK,2002-12-25,1.52989661693573,1.5298966169357302,1.5298966169357302,1.5298966169357302,0
SOUTHBANK,2002-12-26,1.5512906312942505,1.5640356187464832,1.5403657487709597,1.5599395556939342,589624
SOUTHBANK,2002-12-27,1.5362699031829834,1.5512910099419113,1.5085031757941882,1.5085031757941882,468953
SOUTHBANK,2002-12-30,1.525344967842102,1.5403660741071592,1.5085031261969375,1.5339938940684998,364930
SOUTHBANK,2002-12-31,1.5576634407043457,1.6045481150635788,1.5235239113193226,1.5362695288434927,917761
SOUTHBANK,2003-01-01,1.5490144491195679,1.5981750744721792,1.542641483765284,1.564035392522763,489534
SOUTHBANK,2003-01-02,1.5276209115982056,1.5704085819946156,1.5189719863476854,1.561759814260764,605299
SOUTHBANK,2003-01-03,1.510778784751892,1.540365768181663,1.5085028265996048,1.540365768181663,337237
SOUTHBANK,2003-01-06,1.487108826637268,1.536269456816185,1.4761839446216218,1.536269456816185,509331
SOUTHBANK,2003-01-07,1.489384412765503,1.5085029989861518,1.4784601589227786,1.4998540734891104,201485
SOUTHBANK,2003-01-08,1.4934810400009155,1.5512905955311256,1.4871088614550088,1.5062268147425766,174271
SOUTHBANK,2003-01-09,1.5189719200134277,1.5321727613824694,1.4975780069911713,1.4998539652392833,509752
SOUTHBANK,2003-01-10,1.52989661693573,1.6045480068849023,1.5189717351444316,1.5767812881339973,976224
SOUTHBANK,2003-01-13,1.542641282081604,1.5663113030555242,1.5298962981390882,1.5449173970950674,760601
SOUTHBANK,2003-01-14,1.6327695846557617,1.6646331589587713,1.5599397052988955,1.5599397052988955,1966280
SOUTHBANK,2003-01-15,1.6969523429870605,1.7074213757044818,1.561760166160155,1.6091000789516492,2041231
SOUTHBANK,2003-01-16,1.737463355064392,1.7716030390695197,1.7183455604667814,1.7716030390695197,2176416
SOUTHBANK,2003-01-17,1.7201664447784424,1.7652303842336785,1.7051447115822873,1.7652303842336785,1401228
SOUTHBANK,2003-01-20,1.7524845600128174,1.7675062927876408,1.7201663965309801,1.7397395728866243,1854085
SOUTHBANK,2003-01-21,1.827135682106018,1.848529590238112,1.754305192330492,1.754305192330492,2990053
SOUTHBANK,2003-01-22,1.7929967641830444,1.8872211608002845,1.7756997062113138,1.839881429728643,3094424
SOUTHBANK,2003-01-23,1.7502093315124512,1.853082043352804,1.7329116396888793,1.8102942183110968,2550897
SOUTHBANK,2003-01-24,1.6218451261520386,1.7952730038689901,1.6113754670760672,1.7756999851261521,2545251
SOUTHBANK,2003-01-27,1.574960708618164,1.617748537955145,1.5085030061894482,1.5963546232866546,2921836
SOUTHBANK,2003-01-28,1.6518878936767578,1.6860267905384407,1.5854294171689047,1.6241210175353455,1265056
SOUTHBANK,2003-01-29,1.6259418725967407,1.7051445462438237,1.609099406033661,1.6409629742697678,1462928
SOUTHBANK,2003-01-30,1.615472674369812,1.6687301676069282,1.5663120325483844,1.5940787584453708,784375
SOUTHBANK,2003-01-31,1.5685875415802002,1.5940783016152005,1.561759510349721,1.5877054934689718,606214
SOUTHBANK,2003-02-03,1.6345902681350708,1.6455151513606263,1.5790574534092898,1.5918024416807857,564514
SOUTHBANK,2003-02-04,1.615472674369812,1.6669092747480965,1.604548419833604,1.6518883263128832,638421
SOUTHBANK,2003-02-05,1.604548454284668,1.6327697739355658,1.591802676549232,1.591802676549232,235129
SOUTHBANK,2003-02-06,1.6131961345672607,1.6259419086811742,1.5704083139572103,1.5877055314392854,355060
SOUTHBANK,2003-02-07,1.6131961345672607,1.6432389686466073,1.594078339737921,1.6432389686466073,381360
SOUTHBANK,2003-02-10,1.553566336631775,1.5940781956201775,1.544917571156015,1.5899813456509742,407964
SOUTHBANK,2003-02-11,1.5339936017990112,1.5685877249465707,1.521247826499947,1.5617596929179014,289804
SOUTHBANK,2003-02-12,1.525344967842102,1.5617599904776218,1.5148753062355969,1.542642032711465,341823
SOUTHBANK,2003-02-13,1.525344967842102,1.525344967842102,1.525344967842102,1.525344967842102,0
SOUTHBANK,2003-02-14,1.4807363748550415,1.5298970168758168,1.478460258772272,1.5276210583097312,330531
SOUTHBANK,2003-02-17,1.5767812728881836,1.5831540811589955,1.533993452464947,1.5512905123548604,205375
SOUTHBANK,2003-02-18,1.5767812728881836,1.6045479913706138,1.5663116142956668,1.6045479913706138,175636
SOUTHBANK,2003-02-19,1.604548454284668,1.6327697739355658,1.5790576863972292,1.5831545379008805,659771
SOUTHBANK,2003-02-20,1.6473363637924194,1.6796551665192672,1.6090999739050118,1.6432395120979186,1387512
SOUTHBANK,2003-02-21,1.6282182931900024,1.6391425477186632,1.6068243772803414,1.6368665891633791,293114
SOUTHBANK,2003-02-24,1.617748498916626,1.6687300293737095,1.611375689471988,1.6473361152214838,483424
SOUTHBANK,2003-02-25,1.5663119554519653,1.6218454045124915,1.5617598810456295,1.6218454045124915,378152
SOUTHBANK,2003-02-26,1.5899814367294312,1.6218450046171884,1.5640354538491499,1.6218450046171884,555182
SOUTHBANK,2003-02-27,1.624120831489563,1.6259417236629097,1.553566300304354,1.5553871924777005,501407
SOUTHBANK,2003-02-28,1.6345902681350708,1.6669090645877689,1.583154304308456,1.6473360439898839,2107576
SOUTHBANK,2003-03-03,1.666908860206604,1.70514460791629,1.6582600938280536,1.6883027708106204,1802662
SOUTHBANK,2003-03-04,1.6345902681350708,1.7074209327721455,1.6259421307627413,1.7074209327721455,415512
SOUTHBANK,2003-03-05,1.619569182395935,1.6259419910172836,1.587705611839142,1.6259419910172836,464628
SOUTHBANK,2003-03-06,1.594078540802002,1.6345902510461838,1.587705731699552,1.6045482007607874,476515
SOUTHBANK,2003-03-07,1.5599396228790283,1.5963544818751376,1.5553875489191071,1.5640356861079912,551858
SOUTHBANK,2003-03-10,1.5553874969482422,1.579057367152312,1.549014688127286,1.5663117495103998,450592
SOUTHBANK,2003-03-11,1.5553874969482422,1.561759675702579,1.518971851585605,1.540365763644092,654749
SOUTHBANK,2003-03-12,1.5685875415802002,1.58542937804772,1.5189716907629505,1.5189716907629505,597418
SOUTHBANK,2003-03-13,1.5576634407043457,1.5918023400227554,1.5512906319422606,1.5831542032027257,457777
SOUTHBANK,2003-03-14,1.5576634407043457,1.5576634407043457,1.5576634407043457,1.5576634407043457,0
SOUTHBANK,2003-03-17,1.5321729183197021,1.54264194929335,1.5212480340797598,1.5403659908121163,505877
SOUTHBANK,2003-03-18,1.5321729183197021,1.5321729183197024,1.5321729183197024,1.5321729183197024,0
SOUTHBANK,2003-03-19,1.5171509981155396,1.5813335235266823,1.5085028609929696,1.579057407805845,486210
SOUTHBANK,2003-03-20,1.5212479829788208,1.5276209500422184,1.474363460363675,1.4975781100791026,511770
SOUTHBANK,2003-03-21,1.5576634407043457,1.5790573525651987,1.469811205069762,1.469811205069762,571394
SOUTHBANK,2003-03-24,1.5362699031829834,1.5617600418258757,1.514875356042355,1.514875356042355,326670
SOUTHBANK,2003-03-25,1.52989661693573,1.5449177190217749,1.510778664488368,1.5125989268120015,360053
SOUTHBANK,2003-03-26,1.525344967842102,1.5576637690432684,1.5235242324619946,1.5339938940684998,223503
SOUTHBANK,2003-03-27,1.5403656959533691,1.5535665361476239,1.532172625029283,1.532172625029283,140642
SOUTHBANK,2003-03-28,1.5512906312942505,1.574960501269774,1.5148749862832276,1.5148749862832276,301517
SOUTHBANK,2003-03-31,1.525344967842102,1.5617599904776218,1.5235242324619946,1.5403660741071592,474730
SOUTHBANK,2003-04-01,1.5385448932647705,1.551290668606839,1.5253446823669863,1.5403657858207762,311068
SOUTHBANK,2003-04-02,1.583154320716858,1.5940785739889827,1.5467386729875685,1.559939672136516,923465
SOUTHBANK,2003-04-03,1.6455154418945312,1.6646334002272518,1.5981756905420736,1.6027276078855819,808062
SOUTHBANK,2003-04-04,1.7160695791244507,1.7310906821226226,1.6518880014883688,1.6518880014883688,1452100
SOUTHBANK,2003-04-07,1.7247185707092285,1.7929971591339438,1.711517729630578,1.7310907496104497,1931925
SOUTHBANK,2003-04-08,1.7115176916122437,1.7265394249289767,1.6773786344332124,1.6969518114949593,1368513
SOUTHBANK,2003-04-09,1.7074207067489624,1.7802512042282927,1.6969516781332334,1.7096966647175864,2150712
SOUTHBANK,2003-04-10,1.7033249139785767,1.7329119024468422,1.658260493842438,1.7074211352969602,1314651
SOUTHBANK,2003-04-11,1.709696888923645,1.737463611285458,1.6819301665618323,1.7115177815506466,686796
SOUTHBANK,2003-04-15,1.6946758031845093,1.7329115523938998,1.6687298180644778,1.7329115523938998,823346
SOUTHBANK,2003-04-16,1.698772668838501,1.7201665824554875,1.6923998595532996,1.7115178148589048,414800
SOUTHBANK,2003-04-17,1.6883026361465454,1.7137933951141902,1.6819298282671604,1.7074205872348054,601279
SOUTHBANK,2003-04-18,1.6883026361465454,1.6883026361465454,1.6883026361465454,1.6883026361465454,0
SOUTHBANK,2003-04-21,1.7247185707092285,1.732911642182213,1.6837510081110876,1.6860269663091334,546154
SOUTHBANK,2003-04-22,1.7183454036712646,1.74156004644052,1.7115173729832989,1.74156004644052,576285
SOUTHBANK,2003-04-23,1.7524845600128174,1.7779753218484498,1.7183456615820027,1.7461123814830193,1289135
SOUTHBANK,2003-04-24,1.7652305364608765,1.797094110534419,1.7543056529685181,1.7565816112940091,1236753
SOUTHBANK,2003-04-25,1.726539134979248,1.782527160448402,1.711517404185219,1.7756997597024717,814434
SOUTHBANK,2003-04-28,1.731090784072876,1.7889003439774291,1.686026999874433,1.7889003439774291,1206187
SOUTHBANK,2003-04-29,1.6946758031845093,1.7543054638370403,1.6923996875877387,1.752484571359624,889676
SOUTHBANK,2003-04-30,1.6755576133728027,1.703324329535261,1.6582599248615855,1.6755576133728027,1086024
SOUTHBANK,2003-05-01,1.6755576133728027,1.6755576133728027,1.6755576133728027,1.6755576133728027,0
SOUTHBANK,2003-05-02,1.7738792896270752,1.7889003939293324,1.6987726654991264,1.7543056386443387,2301326
SOUTHBANK,2003-05-05,1.8785730600357056,1.8826699113522387,1.7757003343189923,1.78252773727427,4628240
SOUTHBANK,2003-05-06,1.9322855472564697,1.9855430329223906,1.8849456475071293,1.9022427095568961,6351989
SOUTHBANK,2003-05-07,1.8999663591384888,1.9900945385999116,1.8872212161861377,1.947306091599449,2480445
SOUTHBANK,2003-05-08,1.8976908922195435,1.9300096925232506,1.8872218609704985,1.912712628134209,1650408
SOUTHBANK,2003-05-09,1.887221336364746,1.9190849045995293,1.8612755107185255,1.8612755107185255,1605762
SOUTHBANK,2003-05-12,1.9618736505508423,1.9900956049470495,1.893595196093489,1.9086161473413497,3995465
SOUTHBANK,2003-05-13,1.9536796808242798,2.0328830047865325,1.9450307550307744,1.9878192156968155,5222669
SOUTHBANK,2003-05-14,1.9600521326065063,2.0046606903470408,1.9363821056231125,1.9577760170151703,2145342
SOUTHBANK,2003-05-15,2.0606489181518555,2.0925118519159946,1.951402796130134,1.9878184326650687,6414530
SOUTHBANK,2003-05-16,2.043351650238037,2.124831074832837,1.9900947986720892,2.086140102830236,4431152
SOUTHBANK,2003-05-19,1.9814461469650269,2.0542766516229864,1.9618729695122616,2.0328827391191875,2341806
SOUTHBANK,2003-05-20,1.9664243459701538,1.9814454441927156,1.925456640477243,1.9814454441927156,2499459
SOUTHBANK,2003-05-21,1.9941911697387695,2.0542766876086964,1.990094948972998,2.0092129036187383,3716357
SOUTHBANK,2003-05-22,2.197206974029541,2.225428922956283,1.9982882919739038,2.032883050831426,12262993
SOUTHBANK,2003-05-23,2.2764101028442383,2.293707164546322,2.1826407515303723,2.246822488889389,11862416
SOUTHBANK,2003-05-26,2.3879313468933105,2.4134221075930182,2.1630667315571492,2.268216178512185,10323781
SOUTHBANK,2003-05-27,2.325570821762085,2.4607623335049724,2.2914311326665833,2.434816346211054,8241591
SOUTHBANK,2003-05-28,2.3556127548217773,2.3770066669897925,2.246822458959245,2.3537920197993207,7197513
SOUTHBANK,2003-05-29,2.385655403137207,2.5035498373526153,2.361985534681016,2.361985534681016,9227452
SOUTHBANK,2003-05-30,2.3537917137145996,2.492625458285441,2.2959827935815507,2.3770063578862626,6146177
SOUTHBANK,2003-06-02,2.216779947280884,2.3323984496000443,2.143949433087846,2.3110045342953223,5300029
SOUTHBANK,2003-06-03,2.2040348052978516,2.2850583864130387,2.1931099217671495,2.225428719122555,3218434
SOUTHBANK,2003-06-04,2.2272489070892334,2.2896097361519265,2.216779092524598,2.2254280149852557,1787610
SOUTHBANK,2003-06-05,2.0925121307373047,2.2896100216213537,2.0756702943252274,2.2468222021754385,3463143
SOUTHBANK,2003-06-06,2.054276943206787,2.1375766468525756,2.0328830276663385,2.1184586898281332,2498835
SOUTHBANK,2003-06-09,2.0410757064819336,2.118458281096065,2.032882635445103,2.086140117450901,1544817
SOUTHBANK,2003-06-10,1.9363824129104614,2.0114890412938777,1.919085349321262,1.9687005816529992,2786578
SOUTHBANK,2003-06-11,1.9791700839996338,1.9941911879501346,1.917264460548087,1.927733490474705,2297174
SOUTHBANK,2003-06-12,2.0861399173736572,2.1312038514706884,2.0028397652387717,2.0028397652387717,5935489
SOUTHBANK,2003-06-13,2.0670218467712402,2.17808873527627,1.930009443784831,1.930009443784831,2929035
SOUTHBANK,2003-06-16,2.0283312797546387,2.097064949138944,2.015586131525679,2.058373966174185,1324100
SOUTHBANK,2003-06-17,2.0756704807281494,2.09706439237236,2.017860924426463,2.028330741236707,2015686
SOUTHBANK,2003-06-18,2.05837345123291,2.113906262701093,2.0410757598529763,2.094788466381987,1838933
SOUTHBANK,2003-06-19,2.0624704360961914,2.083864349460447,2.030606862596595,2.0583735851707687,1265346
SOUTHBANK,2003-06-20,2.0497243404388428,2.075670323841637,2.041075574293485,2.075670323841637,1449967
SOUTHBANK,2003-06-23,2.056097984313965,2.097064925523154,2.0456283223586005,2.0902368919660335,1088781
SOUTHBANK,2003-06-24,2.036979913711548,2.062470681028426,2.017861326294669,2.043352093611547,708524
SOUTHBANK,2003-06-25,2.0861399173736572,2.1116306768933484,2.045627583960564,2.075670259197463,1645284
SOUTHBANK,2003-06-26,2.0497243404388428,2.1289278023982616,2.0328825037872718,2.107533892371079,1555601
SOUTHBANK,2003-06-27,2.0606489181518555,2.1052576239847935,2.0410752733014874,2.1052576239847935,1139465
SOUTHBANK,2003-06-30,2.1480460166931152,2.1826407704640105,2.0756705772044235,2.161246227758784,3827347
SOUTHBANK,2003-07-01,2.135300874710083,2.171715891052419,2.1184584059088603,2.171715891052419,1882823
SOUTHBANK,2003-07-02,2.137576103210449,2.21222749204629,2.1116307497866194,2.180364553475834,2026267
SOUTHBANK,2003-07-03,2.2202060222625732,2.2699800260044545,2.1216146115786043,2.159902663475598,4265472
SOUTHBANK,2003-07-04,2.312574625015259,2.3757489300735277,2.260886271176691,2.2948668201566136,4923822
SOUTHBANK,2003-07-07,2.4633326530456543,2.488219573802473,2.317361039305692,2.359955932705974,8584677
SOUTHBANK,2003-07-08,2.3599560260772705,2.4973133049936473,2.3441625714651435,2.4949203221945173,3577195
SOUTHBANK,2003-07-09,2.2991740703582764,2.429830867174422,2.276680131032026,2.425044735878668,1542611
SOUTHBANK,2003-07-10,2.3015663623809814,2.3350682777007683,2.2766794476845895,2.3350682777007683,1621307
SOUTHBANK,2003-07-11,2.2833805084228516,2.377663762912086,2.249878584618134,2.2742868759488446,1862068
SOUTHBANK,2003-07-14,2.341768980026245,2.3757486976022895,2.3173605286958616,2.3307608314102324,2160306
SOUTHBANK,2003-07-15,2.303481101989746,2.3709635686634694,2.276679666527124,2.369049050289458,1756739
SOUTHBANK,2003-07-16,2.3484694957733154,2.3623490946204972,2.2948672753441604,2.3350690234739333,2904956
SOUTHBANK,2003-07-17,2.31927490234375,2.422651593460661,2.276679358521274,2.3623482476162065,4189012
SOUTHBANK,2003-07-18,2.280987501144409,2.3374619922816455,2.2498785604023026,2.305874421875974,2094992
SOUTHBANK,2003-07-21,2.2742865085601807,2.353254925820336,2.256578704220417,2.3259750264999295,3641362
SOUTHBANK,2003-07-22,2.2517929077148438,2.312574729967598,2.2450929210137494,2.292473941785375,1482072
SOUTHBANK,2003-07-23,2.2608869075775146,2.305874790835031,2.2517934393621544,2.2766803640758333,1142179
SOUTHBANK,2003-07-24,2.2876877784729004,2.3058742135027184,2.256578840541992,2.294866891546022,976630
SOUTHBANK,2003-07-25,2.3101818561553955,2.328368292300605,2.285773400180302,2.312574838787938,1819034
SOUTHBANK,2003-07-28,2.3709638118743896,2.414037167392542,2.3307612405170786,2.3307612405170786,4020792
SOUTHBANK,2003-07-29,2.3709638118743896,2.395850731515874,2.3398548724948958,2.384842746583449,2859222
SOUTHBANK,2003-07-30,2.5198068618774414,2.539907649357116,2.386756939049653,2.407336521755526,8233274
SOUTHBANK,2003-07-31,2.402550458908081,2.566709158029471,2.384842653366165,2.5423008689846434,6164523
SOUTHBANK,2003-08-01,2.398242712020874,2.4274371286955767,2.3575623448609115,2.4274371286955767,2953419
SOUTHBANK,2003-08-04,2.4432313442230225,2.454238665593094,2.3350685085071063,2.3800563781032165,2922475
SOUTHBANK,2003-08-05,2.369049549102783,2.492527232589129,2.36234906461448,2.4748187619798108,3290235
SOUTHBANK,2003-08-06,2.3216686248779297,2.398243246118901,2.3082674906458314,2.3575628698992617,1832866
SOUTHBANK,2003-08-07,2.3599560260772705,2.37574931507359,2.3283684543897873,2.339855069934064,1304027
SOUTHBANK,2003-08-08,2.330761194229126,2.393457701385587,2.3240607105973785,2.3757490674242385,1829716
SOUTHBANK,2003-08-11,2.3575620651245117,2.3848421258787953,2.3240601518673785,2.3398542634992667,1930822
SOUTHBANK,2003-08-12,2.3015663623809814,2.3934572733327077,1.975164197195632,1.975164197195632,1317902
SOUTHBANK,2003-08-13,2.280987501144409,2.3283683599055154,2.2632796941347157,2.3034814391739507,1173762
SOUTHBANK,2003-08-14,2.485826253890991,2.6997589448949344,2.415951466508085,2.4700328020461413,7431220
SOUTHBANK,2003-08-15,2.485826253890991,2.485826253890991,2.485826253890991,2.485826253890991,0
SOUTHBANK,2003-08-18,2.539907693862915,2.6030820006871984,2.519806906031022,2.5308142279530053,6210214
SOUTHBANK,2003-08-19,2.5083203315734863,2.6097826908807162,2.4882193778088952,2.5647948183196143,2846130
SOUTHBANK,2003-08-20,2.681572198867798,2.7222534040046518,2.524114126698295,2.564795166219339,6830768
SOUTHBANK,2003-08-21,2.6633851528167725,2.789734419200528,2.6456773488264806,2.7758554862500837,5395765
SOUTHBANK,2003-08-22,2.724167585372925,2.7672411081709556,2.6389773022516474,2.699759294431061,5335952
SOUTHBANK,2003-08-25,2.5131068229675293,2.7758561421975916,2.4791262676241814,2.7758561421975916,3959615
SOUTHBANK,2003-08-26,2.593989610671997,2.607389917207961,2.519807307639372,2.5872891261723927,2348903
SOUTHBANK,2003-08-27,2.63897705078125,2.694972906629656,2.5734097619336844,2.694972906629656,2193659
SOUTHBANK,2003-08-28,2.6255760192871094,2.719859929376141,2.6116970848310714,2.648070618384468,1941156
SOUTHBANK,2003-08-29,2.5375144481658936,2.7399605129622984,2.5308139654292634,2.7399605129622984,1561131
SOUTHBANK,2003-09-01,2.4882192611694336,2.553308084443979,2.33985468336633,2.33985468336633,1126054
SOUTHBANK,2003-09-02,2.4992268085479736,2.5308143778707293,2.4523245810583805,2.4882194859739504,1413057
SOUTHBANK,2003-09-03,2.4542386531829834,2.5647946363138856,2.440838349522425,2.5198067669452615,1779961
SOUTHBANK,2003-09-04,2.4384453296661377,2.494919811535926,2.4226518782866044,2.4657252286231017,1207319
SOUTHBANK,2003-09-05,2.528420925140381,2.542300686388997,2.4384453525582934,2.4748182202775006,1131235
SOUTHBANK,2003-09-08,2.6365840435028076,2.7447470552834536,2.5758022194852725,2.7447470552834536,3561636
SOUTHBANK,2003-09-09,2.593989610671997,2.6724794153446005,2.5734101899413413,2.663385782369557,2701728
SOUTHBANK,2003-09-10,2.6049962043762207,2.632276267577873,2.5667088205827033,2.5667088205827033,1765534
SOUTHBANK,2003-09-11,2.5758025646209717,2.6547710006528673,2.566709593917546,2.5872891806977143,1858744
SOUTHBANK,2003-09-12,2.5356009006500244,2.620791194458686,2.5217217980477957,2.620791194458686,1163355
SOUTHBANK,2003-09-15,2.4767329692840576,2.5647950312922014,2.4523246780871077,2.5647950312922014,1598432
SOUTHBANK,2003-09-16,2.5107131004333496,2.5399075177668387,2.4341378320548035,2.474818200132739,1171004
SOUTHBANK,2003-09-17,2.494920253753662,2.5872889897882705,2.4791261371115714,2.5557014189673004,1135227
SOUTHBANK,2003-09-18,2.418344497680664,2.4973129178086344,2.398242882190796,2.48582630404525,909662
SOUTHBANK,2003-09-19,2.39154314994812,2.463332459835108,2.3508621159316387,2.4523244752727558,999011
SOUTHBANK,2003-09-22,2.3484694957733154,2.429830913896834,2.330761521786508,2.4073369741380555,891446
SOUTHBANK,2003-09-23,2.3551695346832275,2.369049130904004,2.3283680983085997,2.3398547120962094,626983
SOUTHBANK,2003-09-24,2.39154314994812,2.407336602696628,2.3623487301205004,2.3824496838918052,687232
SOUTHBANK,2003-09-25,2.4001576900482178,2.4298307419813385,2.3891503670294254,2.4073368038140517,503424
SOUTHBANK,2003-09-26,2.4633326530456543,2.4748186056722616,2.3776637397336366,2.3776637397336366,906222
SOUTHBANK,2003-09-29,2.4815194606781006,2.5040134020928915,2.4523250341966074,2.4523250341966074,847701
SOUTHBANK,2003-09-30,2.4992268085479736,2.5375148616993233,2.4791260195253715,2.519807055296706,676694
SOUTHBANK,2003-10-01,2.501619577407837,2.537514476879869,2.3848424076168238,2.3848424076168238,935918
SOUTHBANK,2003-10-02,2.501619577407837,2.501619577407837,2.501619577407837,2.501619577407837,0
SOUTHBANK,2003-10-03,2.56240177154541,2.5872888569421346,2.4767328615927213,2.4767328615927213,1183240
SOUTHBANK,2003-10-06,2.5734097957611084,2.6006890343496454,2.5600086631987966,2.587288729866264,1031479
SOUTHBANK,2003-10-07,2.521721363067627,2.654770631260179,2.519807010129113,2.6499851629533735,865916
SOUTHBANK,2003-10-08,2.56240177154541,2.6097827941124483,2.5217213983965263,2.553308305132434,1172789
SOUTHBANK,2003-10-09,2.5691022872924805,2.604996527736751,2.544215203190638,2.5691022872924805,1008968
SOUTHBANK,2003-10-10,2.5332071781158447,2.6073894683789294,2.5241137123219377,2.6073894683789294,691949
SOUTHBANK,2003-10-13,2.5265066623687744,2.5805879987470446,2.5198068415716257,2.5308141632120296,912144
SOUTHBANK,2003-10-14,2.4791259765625,2.5734098876338907,2.4748184754285396,2.571495369078445,1045108
SOUTHBANK,2003-10-15,2.4992268085479736,2.519807055296706,2.474818518316763,2.519807055296706,741791
SOUTHBANK,2003-10-16,2.5356009006500244,2.5825031353892163,2.499227194849282,2.5198074447790684,1260905
SOUTHBANK,2003-10-17,2.6097826957702637,2.632276632092958,2.5600086924682,2.564794823124875,2650174
SOUTHBANK,2003-10-20,2.571495294570923,2.654770555919859,2.5647948110525896,2.654770555919859,2015802
SOUTHBANK,2003-10-21,2.4767329692840576,2.6097829075889565,2.468118794604986,2.6097829075889565,2014206
SOUTHBANK,2003-10-22,2.46811842918396,2.5332070856618256,2.4523243150045038,2.4973128471036192,917441
SOUTHBANK,2003-10-23,2.5107131004333496,2.560008469820884,2.4542386184930747,2.4542386184930747,1845943
SOUTHBANK,2003-10-24,2.5375144481658936,2.582502315351079,2.4815185977374536,2.582502315351079,688567
SOUTHBANK,2003-10-27,2.859131097793579,2.967293778520689,2.587288838281901,2.587288838281901,18263826
SOUTHBANK,2003-10-28,2.7581474781036377,2.9246991728098415,2.7399610415094484,2.922306024502422,6101212
SOUTHBANK,2003-10-29,2.7624549865722656,2.8098360108654843,2.722253241604038,2.7672411175836595,2827407
SOUTHBANK,2003-10-30,2.848123550415039,2.9199130267207627,2.7691552920945326,2.8299366180989924,6344746
SOUTHBANK,2003-10-31,2.8998119831085205,2.924698734385458,2.8572162682429254,2.8931111688522257,3831106
SOUTHBANK,2003-11-03,2.8505165576934814,2.978779686977761,2.816536174131691,2.924698847260634,5282961
SOUTHBANK,2003-11-04,2.8663105964660645,2.9424074200402575,2.8457311752591092,2.87971090331217,3177939
SOUTHBANK,2003-11-05,2.8505165576934814,2.924698847260634,2.8347224430857607,2.924698847260634,3179318
SOUTHBANK,2003-11-06,3.007974147796631,3.1496389080938356,2.902204952459662,2.9380991924936275,5486725
SOUTHBANK,2003-11-07,2.902204751968384,3.032382392514821,2.884017821552993,3.014674422912817,2790004
SOUTHBANK,2003-11-10,2.8816254138946533,2.9246994374732833,2.8663105882676905,2.9156058043137834,546139
SOUTHBANK,2003-11-11,2.8816254138946533,2.9313992596455423,2.8615246224513573,2.879710895075468,1017807
SOUTHBANK,2003-11-12,2.8615241050720215,2.935706396196806,2.843337504504518,2.9156052771562733,1211397
SOUTHBANK,2003-11-13,2.841423273086548,2.908905087604655,2.8347227889855966,2.908905087604655,854087
SOUTHBANK,2003-11-14,2.7782480716705322,2.874925128683307,2.7624547844982748,2.8457307087826007,968517
SOUTHBANK,2003-11-17,2.8189289569854736,2.8615240105187896,2.6997589636137027,2.7691551218786437,546299
SOUTHBANK,2003-11-18,2.828022003173828,2.8591309407950325,2.8122285507870197,2.8591309407950325,600930
SOUTHBANK,2003-11-19,2.789734363555908,2.8931110641016935,2.7715479303464146,2.8572161647920358,1118753
SOUTHBANK,2003-11-20,2.688272476196289,2.809835788902518,2.6590778908504324,2.7672408989854764,1069448
SOUTHBANK,2003-11-21,2.6408915519714355,2.6949730580115596,2.5734099064871483,2.677264589322913,1010840
SOUTHBANK,2003-11-24,2.710766077041626,2.812228257875343,2.679178513094922,2.7083729292131484,1976150
SOUTHBANK,2003-11-25,2.7581474781036377,2.834722758619665,2.7222532345767427,2.834722758619665,694489
SOUTHBANK,2003-11-26,2.7581474781036377,2.7581474781036377,2.7581474781036377,2.7581474781036377,0
SOUTHBANK,2003-11-27,2.77154803276062,2.81222840121871,2.7672406976813426,2.77394118071108,722443
SOUTHBANK,2003-11-28,2.8208436965942383,2.866310200075945,2.7849487922172624,2.7849487922172624,2228116
SOUTHBANK,2003-12-01,2.8663105964660645,2.895505021152364,2.7940428105411934,2.8347230232489378,2074759
SOUTHBANK,2003-12-02,2.924699068069458,2.960593310310895,2.843337659468136,2.924699068069458,2133193
SOUTHBANK,2003-12-03,3.15155291557312,3.2573220937610925,2.996487876126405,2.996487876126405,12589214
SOUTHBANK,2003-12-04,3.1429388523101807,3.307096908220601,3.1137444292183494,3.25732306504577,5532895
SOUTHBANK,2003-12-05,3.0347752571105957,3.234828513754771,3.0122813225665372,3.2171205438731643,2796782
SOUTHBANK,2003-12-08,3.0615780353546143,3.0955584306490653,3.01898329783278,3.0596635162607444,1917585
SOUTHBANK,2003-12-09,3.1314525604248047,3.1946277132781,3.0912509733384597,3.1946277132781,3142423
SOUTHBANK,2003-12-10,3.1180508136749268,3.172132307467726,3.0730629497961828,3.149638375528354,3650971
SOUTHBANK,2003-12-11,3.106565237045288,3.1989344695641244,3.0505698719029817,3.1740477142190113,1984844
SOUTHBANK,2003-12-12,3.1429388523101807,3.1764406112906216,3.1223594322271815,3.127145397795816,1986876
SOUTHBANK,2003-12-15,3.1965420246124268,3.275510298085012,3.1271456831505575,3.1764409011435943,3999515
SOUTHBANK,2003-12-16,3.3630917072296143,3.401379752777956,3.1429380123709616,3.2396142260357066,7105289
SOUTHBANK,2003-12-17,3.354478120803833,3.430574598194846,3.329591037131242,3.37457890835519,5681302
SOUTHBANK,2003-12-18,3.5904250144958496,3.707681310730188,3.3161898108774683,3.3745786442073085,8843508
SOUTHBANK,2003-12-19,3.529644727706909,3.689495459273957,3.513850609588587,3.626320974190488,4682610
SOUTHBANK,2003-12-22,3.5813329219818115,3.639721107125689,3.518636738381075,3.5995195253396695,3131232
SOUTHBANK,2003-12-23,3.525336503982544,3.655514479093145,3.5095423898404854,3.6421135129215654,2901037
SOUTHBANK,2003-12-24,3.5679311752319336,3.5995187406075444,3.532036937264845,3.5904251096795003,1652570
SOUTHBANK,2003-12-25,3.5679311752319336,3.5679311752319336,3.5679311752319336,3.5679311752319336,0
SOUTHBANK,2003-12-26,3.5679311752319336,3.639720313629208,3.5521377237756764,3.594732444734075,2119898
SOUTHBANK,2003-12-29,3.700502634048462,3.7253897187032656,3.561231017139344,3.6445069419988383,5320756
SOUTHBANK,2003-12-30,3.63110613822937,3.7411826574450333,3.577024640904708,3.734482837226346,5147355
SOUTHBANK,2003-12-31,3.5569236278533936,3.6354129166739813,3.239614409358947,3.239614409358947,1700612
SOUTHBANK,2004-01-01,3.624406099319458,3.6603006745351028,3.5770254057767135,3.5947330473191417,1350878
SOUTHBANK,2004-01-02,3.7301759719848633,3.770377883011885,3.6220132853452154,3.707682033747187,3840671
SOUTHBANK,2004-01-05,3.7028956413269043,3.824458950958388,3.6894946746315265,3.7794710796704782,3841731
SOUTHBANK,2004-01-06,3.624406099319458,3.795264966307662,3.5995193439949387,3.7162963708626777,2558865
SOUTHBANK,2004-01-07,3.5478310585021973,3.6804022047415446,3.5119358200639423,3.6038267560144224,1811094
SOUTHBANK,2004-01-08,3.6421141624450684,3.822066335118233,3.586118464728383,3.5995194332898497,965512
SOUTHBANK,2004-01-09,3.7861709594726562,3.812972230817343,3.6555146788594186,3.6555146788594186,4863312
SOUTHBANK,2004-01-12,3.756977081298828,3.815365255844117,3.7119885482989297,3.8110582518639244,2557922
SOUTHBANK,2004-01-13,3.7526695728302,3.7995719637606604,3.68949476834578,3.7344833032395437,1677332
SOUTHBANK,2004-01-14,3.939321994781494,4.000103989296093,3.738790402038745,3.763677489213638,4839436
SOUTHBANK,2004-01-15,4.1283674240112305,4.247537591322316,3.9910099930001595,4.022597561578243,8496881
SOUTHBANK,2004-01-16,4.139374732971191,4.270031685117668,4.116880795415692,4.166176337407993,6575043
SOUTHBANK,2004-01-19,4.035998821258545,4.20685735807222,3.756977597229567,4.166176485929093,4285371
SOUTHBANK,2004-01-20,3.907733678817749,4.132673648066767,3.8737533024305226,4.0493977447579805,1662280
SOUTHBANK,2004-01-21,3.7593703269958496,3.932622008136457,3.6894950339630253,3.869447199103903,3883227
SOUTHBANK,2004-01-22,3.403773546218872,3.8177583764901657,3.293696346676878,3.783778652928087,2707737
SOUTHBANK,2004-01-23,3.657907247543335,3.756976607379791,3.397072363558989,3.397072363558989,1959328
SOUTHBANK,2004-01-26,3.657907247543335,3.657907247543335,3.657907247543335,3.657907247543335,0
SOUTHBANK,2004-01-27,3.7904787063598633,3.812972644796044,3.6985884339262687,3.7502771262096743,1241717
SOUTHBANK,2004-01-28,3.6354141235351562,3.7837794053933798,3.5995198742633034,3.7837794053933798,1409414
SOUTHBANK,2004-01-29,3.5344297885894775,3.6445073282954072,3.509543032528401,3.6445073282954072,1320834
SOUTHBANK,2004-01-30,3.437274217605591,4.047005578841542,3.4195665791527246,3.586117750073485,1223546
SOUTHBANK,2004-02-02,3.437274217605591,3.4372742176055904,3.4372742176055904,3.4372742176055904,0
SOUTHBANK,2004-02-03,3.2147274017333984,3.496142058147615,3.1496387459306447,3.496142058147615,1415118
SOUTHBANK,2004-02-04,3.2554094791412354,3.3204981525558326,3.1496395981673704,3.196541998388774,1517342
SOUTHBANK,2004-02-05,3.262108325958252,3.3520847241978435,3.230521423752688,3.2755092916409425,1366612
SOUTHBANK,2004-02-06,3.2913029193878174,3.3271978209411133,3.2439219010734517,3.3094895193498477,658915
SOUTHBANK,2004-02-09,3.453068494796753,3.473648242959305,3.3248050346805265,3.3271978514825458,1563221
SOUTHBANK,2004-02-10,3.426267385482788,3.51863627929555,3.3788863645032947,3.50954264757147,1011696
SOUTHBANK,2004-02-11,3.444453716278076,3.5095423722760706,3.4238739687611615,3.428660264678166,821183
SOUTHBANK,2004-02-12,3.365485668182373,3.496142624228218,3.3338980974996746,3.473648686001402,1075936
SOUTHBANK,2004-02-13,3.392287254333496,3.410473525448131,3.33198389131395,3.3544784918774155,632354
SOUTHBANK,2004-02-16,3.4980571269989014,3.5545317893381188,3.4061671783688023,3.4061671783688023,1475657
SOUTHBANK,2004-02-17,3.4913556575775146,3.5995186546406246,3.444453602684699,3.5995186546406246,906904
SOUTHBANK,2004-02-18,3.475562810897827,3.522943834837646,3.464554991200585,3.4961425613148625,908341
SOUTHBANK,2004-02-19,3.354478120803833,3.498056405030768,3.3338977099456564,3.498056405030768,1166621
SOUTHBANK,2004-02-20,3.320497512817383,3.3745790171842205,3.291303092925736,3.369793052140206,829151
SOUTHBANK,2004-02-23,3.284602642059326,3.372185902605881,3.2554088843403,3.372185902605881,572889
SOUTHBANK,2004-02-24,3.1922338008880615,3.2936963287692675,3.178833495885884,3.2463153066950015,1198929
SOUTHBANK,2004-02-25,3.1405458450317383,3.2798178136920155,3.1046509360382215,3.2798178136920155,742894
SOUTHBANK,2004-02-26,3.1046504974365234,3.1922337582745017,3.0639699596379812,3.0639699596379812,1028315
SOUTHBANK,2004-02-27,3.1156582832336426,3.144852700097041,3.0213748810157597,3.104650134173202,769411
SOUTHBANK,2004-03-01,3.1788337230682373,3.5995193961182097,3.127145361768796,3.5995193961182097,635968
SOUTHBANK,2004-03-02,3.1788337230682373,3.1788337230682373,3.1788337230682373,3.1788337230682373,0
SOUTHBANK,2004-03-03,3.1740474700927734,3.2171208245816367,3.1721329515681225,3.1721329515681225,1086140
SOUTHBANK,2004-03-04,3.1046504974365234,3.1812259391576196,3.0821565608004255,3.1673470047004098,307903
SOUTHBANK,2004-03-05,3.1046504974365234,3.1496390331718804,3.0888570444436536,3.106565015972183,301285
SOUTHBANK,2004-03-08,3.201327085494995,3.329590871927776,3.1496387334974925,3.1496387334974925,1595631
SOUTHBANK,2004-03-09,3.1587326526641846,3.232914961484198,3.1271457401771037,3.1539470178031985,1102599
SOUTHBANK,2004-03-10,3.1338448524475098,3.185533208286424,3.1223590663990874,3.185533208286424,594210
SOUTHBANK,2004-03-11,3.0548763275146484,3.1496386913453227,3.046261988733826,3.1496386913453227,735477
SOUTHBANK,2004-03-12,3.0548763275146484,3.0821562262976596,2.9830868586923467,3.0280753895451515,682326
SOUTHBANK,2004-03-15,3.028075933456421,3.2104205876783776,3.014674965217237,3.1271453188568477,618681
SOUTHBANK,2004-03-16,2.9199130535125732,3.0146747656277246,2.9065120861606135,3.0146747656277246,788178
SOUTHBANK,2004-03-17,3.1180508136749268,3.228128319396434,2.9514999914167794,2.9830865595756726,3064743
SOUTHBANK,2004-03-18,3.1204442977905273,3.349691638938957,3.039082899177725,3.1448527504975226,12475132
SOUTHBANK,2004-03-19,3.1290600299835205,3.217121269669137,3.1046509091119625,3.1673474246893814,4130970
SOUTHBANK,2004-03-22,2.9739952087402344,3.1898416539734487,2.9515012670788043,3.1898416539734487,1596386
SOUTHBANK,2004-03-23,2.8615241050720215,3.0012743478876667,2.814143085180234,2.9696867804720952,1756666
SOUTHBANK,2004-03-24,2.913212537765503,2.992180795941238,2.814143160014701,2.8390302446680424,2177882
SOUTHBANK,2004-03-25,2.9921813011169434,3.0256833935526637,2.924699480228613,2.947193420524723,1293330
SOUTHBANK,2004-03-26,3.0505692958831787,3.093164347205626,3.003188611247824,3.0146743961840365,1679465
SOUTHBANK,2004-03-29,3.1539463996887207,3.1721330010301694,3.0304682337128357,3.0304682337128357,1538895
SOUTHBANK,2004-03-30,3.1788337230682373,3.365485715631387,3.1496393003127476,3.1898412118871535,6069615
SOUTHBANK,2004-03-31,3.2415292263031006,3.3161901478313673,3.1812258685472794,3.2147276235566555,2394347
SOUTHBANK,2004-04-01,3.4080798625946045,3.442060576294763,3.2621084361973898,3.2846023709016734,5382470
SOUTHBANK,2004-04-02,3.464554786682129,3.5344294130875693,3.3812795243063585,3.509542659670491,3125630
SOUTHBANK,2004-04-05,3.5047569274902344,3.5947326709424705,3.48034880438888,3.5095425612017563,3467889
SOUTHBANK,2004-04-06,3.4554622173309326,3.5497453096666205,3.421960457911769,3.509543065870977,2049635
SOUTHBANK,2004-04-07,3.513850450515747,3.5722392982732742,3.4219605053379856,3.4530691167568324,2228914
SOUTHBANK,2004-04-08,3.6421141624450684,3.775163938847935,3.47364877084717,3.5454379230593647,6321697
SOUTHBANK,2004-04-09,3.6421141624450684,3.6421141624450684,3.6421141624450684,3.6421141624450684,0
SOUTHBANK,2004-04-12,3.664607524871826,3.734483141071389,3.646899554443517,3.6804016393465475,2963129
SOUTHBANK,2004-04-13,3.705289125442505,3.7435761856236085,3.5344296000486217,3.6851873423447383,3006584
SOUTHBANK,2004-04-14,3.705289125442505,3.705289125442505,3.705289125442505,3.705289125442505,0
SOUTHBANK,2004-04-15,3.7253897190093994,3.801965160272577,3.6670008787999104,3.7301756840883478,2756186
SOUTHBANK,2004-04-16,3.7837789058685303,3.8694473242754577,3.7344836929013,3.7344836929013,3237883
SOUTHBANK,2004-04-19,3.77707839012146,3.9101281641485626,3.7344836617268213,3.8287667510317207,2443594
SOUTHBANK,2004-04-20,3.6622142791748047,3.8062721804746262,3.63110633681703,3.8062721804746262,1867264
SOUTHBANK,2004-04-21,3.7210822105407715,3.7679846040623213,3.644507097253395,3.678008854230444,1561668
SOUTHBANK,2004-04-22,3.8201515674591064,3.8694471089143123,3.6985882488216038,3.75697742236222,2492173
SOUTHBANK,2004-04-23,3.8311595916748047,3.9369294533546255,3.7976575047917933,3.8560463451734615,2821427
SOUTHBANK,2004-04-27,3.5387368202209473,3.779470945325924,3.513849737397605,3.767984166258503,2302603
SOUTHBANK,2004-04-28,3.6947596073150635,4.4700846665814975,3.4506760377175536,3.68518734541442,2156996
SOUTHBANK,2004-04-29,3.4688615798950195,3.5813319072483316,3.4372740165830047,3.518635741411907,1267523
SOUTHBANK,2004-04-30,3.4980571269989014,3.5363445227868677,3.468862702023293,3.5004502755534435,1378296
SOUTHBANK,2004-05-03,3.3788866996765137,3.5095429957053166,3.329591486521712,3.5095429957053166,1513408
SOUTHBANK,2004-05-04,3.480348825454712,3.5028427614539224,3.417173690345636,3.417173690345636,1132890
SOUTHBANK,2004-05-05,3.5320370197296143,3.5995188246478556,3.4913558224761485,3.507149936764258,1236652
SOUTHBANK,2004-05-06,3.6019115447998047,3.642113448913356,3.5655380149086326,3.5995187281029306,1733835
SOUTHBANK,2004-05-07,3.570324182510376,3.689494333044631,3.5363434705367514,3.610525753948238,2394928
SOUTHBANK,2004-05-10,3.516242742538452,3.5861176922120857,3.442060457909232,3.5162427425384526,932725
SOUTHBANK,2004-05-11,3.307096481323242,3.4645546950826223,3.253015640472453,3.2554087885636562,1636155
SOUTHBANK,2004-05-12,3.3563923835754395,3.4147805603269394,3.2664159766389824,3.313796996990127,1141148
SOUTHBANK,2004-05-13,3.2956106662750244,3.5095428885866693,3.1046506803552822,3.208027400276845,2224763
SOUTHBANK,2004-05-14,2.8299365043640137,3.3654852804947226,2.7466612451667283,3.3654852804947226,2746737
SOUTHBANK,2004-05-17,2.2924740314483643,2.708373382862409,2.2651939634077745,2.708373382862409,3358626
SOUTHBANK,2004-05-18,2.688272476196289,2.7447469627725742,2.33506865538072,2.33506865538072,1871807
SOUTHBANK,2004-05-19,2.8816254138946533,2.9696873174078386,2.735653787728116,2.9672941688838574,2321660
SOUTHBANK,2004-05-20,2.8797104358673096,3.014674716612385,2.823236776949638,2.9649008787985967,1686505
SOUTHBANK,2004-05-21,2.859131097793579,2.8907186667648457,2.704065858867193,2.8706175467343282,1248655
SOUTHBANK,2004-05-24,2.890718698501587,2.9739946261573245,2.8572166105951866,2.958200510266704,842214
SOUTHBANK,2004-05-25,2.825629711151123,2.8797105554028826,2.789734806146746,2.8347226807748145,599479
SOUTHBANK,2004-05-26,2.8433375358581543,2.9065120089227863,2.8347225338660924,2.9022050047741152,440389
SOUTHBANK,2004-05-27,2.8299365043640137,2.9223057262012047,2.789734597987468,2.812228533623091,647710
SOUTHBANK,2004-05-28,2.6049962043762207,2.8347221632949737,2.5872884011623603,2.818928712709213,1848236
SOUTHBANK,2004-05-31,2.44083833694458,2.6949727626873723,2.4226519030696685,2.542300688528885,1347540
SOUTHBANK,2004-06-01,2.485826253890991,2.573409673978354,2.4748182699584853,2.5198068024236426,769963
SOUTHBANK,2004-06-02,2.5356009006500244,2.573410329998357,2.4791264027197344,2.539908236908616,1318613
SOUTHBANK,2004-06-03,2.4475393295288086,2.609783035568771,2.4298308590939617,2.5848959478695006,2257173
SOUTHBANK,2004-06-04,2.472426414489746,2.5150211444976396,2.431745209543135,2.4523247956293392,1172325
SOUTHBANK,2004-06-07,2.4700329303741455,2.5466083705074003,2.4590249458697313,2.4906125136636432,1661264
SOUTHBANK,2004-06-08,2.46811842918396,2.4834332513050796,2.4523243150045038,2.4791257505637936,419111
SOUTHBANK,2004-06-09,2.4700329303741455,2.517413785217653,2.4633324468698565,2.515020802713489,920620
SOUTHBANK,2004-06-10,2.485826253890991,2.4973128674226204,2.4590248181136354,2.4609393365101293,408530
SOUTHBANK,2004-06-11,2.4700329303741455,2.564794805676947,2.4609394643656923,2.564794805676947,904466
SOUTHBANK,2004-06-14,2.402550458908081,2.497312996654549,2.389150154365405,2.4748183980263545,717175
SOUTHBANK,2004-06-15,2.4365310668945312,2.5375147984480964,2.4226521323993198,2.4523245199306447,908762
SOUTHBANK,2004-06-16,2.3776631355285645,2.454238396996133,2.355169203192292,2.4523240444422014,642180
SOUTHBANK,2004-06-17,2.303481101989746,2.3800563716295904,2.2584932325160008,2.36234856721197,1195025
SOUTHBANK,2004-06-18,2.254185914993286,2.3259752257641417,2.2407856102123413,2.31736088607564,2109564
SOUTHBANK,2004-06-21,2.235999822616577,2.2900811702136092,2.189097423759814,2.2900811702136092,1375262
SOUTHBANK,2004-06-22,2.1957969665527344,2.23839252071607,2.184311180000369,2.213505600952582,708219
SOUTHBANK,2004-06-23,2.168517827987671,2.2091982030092128,2.137408887001816,2.1934047489142317,877164
SOUTHBANK,2004-06-24,2.1618173122406006,2.182396731475967,2.1149149178461397,2.137408855722749,656215
SOUTHBANK,2004-06-25,2.2115912437438965,2.2273846982531675,1.956978306175761,1.956978306175761,535428
SOUTHBANK,2004-06-28,2.247485637664795,2.287688046239861,2.2202062303507746,2.2202062303507746,645779
SOUTHBANK,2004-06-29,2.254185914993286,2.3508621448753715,2.2340849609744997,2.258493416069117,1453363
SOUTHBANK,2004-06-30,2.2876877784729004,2.370963701470626,2.2541858580562137,2.2924739090602433,1251384
SOUTHBANK,2004-07-01,2.3173608779907227,2.3374618319393803,2.2900808108126576,2.2900808108126576,846975
SOUTHBANK,2004-07-02,2.31927490234375,2.3623482476162065,2.2541854268275454,2.2967801425712513,1713936
SOUTHBANK,2004-07-05,2.155116558074951,2.200104431645966,2.0244597760167955,2.12831528578718,3004712
SOUTHBANK,2004-07-06,2.197711706161499,2.22499177689334,2.114915062658863,2.114915062658863,1072206
SOUTHBANK,2004-07-07,2.213505506515503,2.2474853943884923,2.1685176341257693,2.2426999262221643,767336
SOUTHBANK,2004-07-08,2.092421054840088,2.249878625610464,2.047432515013902,2.2135057512097536,1316581
SOUTHBANK,2004-07-09,2.125922203063965,2.155116624436173,2.020152502719884,2.137408817860549,1244577
SOUTHBANK,2004-07-12,2.189096689224243,2.2359990723432506,2.1374083418842855,2.1374083418842855,802939
SOUTHBANK,2004-07-13,2.2115912437438965,2.238392684042766,2.19340480645108,2.19340480645108,842998
SOUTHBANK,2004-07-14,2.2340850830078125,2.2498785368134606,2.193404708731526,2.193404708731526,1155938
SOUTHBANK,2004-07-15,2.4875261783599854,2.5302843667447146,2.293856230263201,2.3527112799557357,3231747
SOUTHBANK,2004-07-16,2.6334075927734375,2.741560670077906,2.603224610702759,2.668619664121625,4423375
SOUTHBANK,2004-07-19,2.678680658340454,2.741560331270796,2.640952390858076,2.6837105750753394,1888234
SOUTHBANK,2004-07-20,2.6107707023620605,2.6887416298297224,2.6007102046497903,2.6887416298297224,886492
SOUTHBANK,2004-07-21,2.585618019104004,2.6459833174696428,2.5604664463121725,2.6459833174696428,677604
SOUTHBANK,2004-07-22,2.62083101272583,2.6711349882334807,2.5906488592833505,2.6308921721821057,1619636
SOUTHBANK,2004-07-23,2.47998046875,2.588133546592951,2.464889226063218,2.588133546592951,1876855
SOUTHBANK,2004-07-26,2.3894338607788086,2.4523137122952883,2.268704241134076,2.319008221716746,1989909
SOUTHBANK,2004-07-27,2.339129686355591,2.409554657118389,2.313977449724873,2.3894336627696378,1076406
SOUTHBANK,2004-07-28,2.351705312728882,2.3894334153445307,2.3391294441394446,2.3642811813183187,383943
SOUTHBANK,2004-07-29,2.3592517375946045,2.379372733894784,2.339129913215362,2.376857360933543,706161
SOUTHBANK,2004-07-30,2.364281177520752,2.3793722529269923,2.2661884421091822,2.2661884421091822,708522
SOUTHBANK,2004-08-02,2.3164923191070557,2.36428108145253,2.291340748606348,2.33912934533605,512228
SOUTHBANK,2004-08-03,2.2787649631500244,2.334098850858362,2.2687038046145673,2.334098850858362,764034
SOUTHBANK,2004-08-04,2.2611587047576904,2.303916893149038,2.241037048464546,2.303916893149038,588964
SOUTHBANK,2004-08-05,2.271218776702881,2.2863100160990038,2.2284607619278165,2.2863100160990038,837663
SOUTHBANK,2004-08-06,2.263673782348633,2.364281057005816,2.2435521286782714,2.303916592842044,1383310
SOUTHBANK,2004-08-09,2.2510974407196045,2.3014014134978984,2.16306602660889,2.253612813255093,2643527
SOUTHBANK,2004-08-10,2.2108547687530518,2.2259460112398903,2.1127621894359843,2.1680960827578795,2693543
SOUTHBANK,2004-08-11,2.1932485103607178,2.2133701672443316,2.1680961080246064,2.1680961080246064,929369
SOUTHBANK,2004-08-12,2.1756420135498047,2.2133701193908926,2.1731266408779386,2.2133701193908926,857507
SOUTHBANK,2004-08-13,2.168095827102661,2.193248226179756,2.1379136769195606,2.1630659103808796,629535
SOUTHBANK,2004-08-16,2.160550832748413,2.1781571156769752,2.122822563109025,2.1756419087420684,806000
SOUTHBANK,2004-08-17,2.1932485103607178,2.2133701672443316,2.163066190651094,2.163066190651094,456937
SOUTHBANK,2004-08-18,2.168095827102661,2.203308722086422,2.1379136769195606,2.1731264062875453,701853
SOUTHBANK,2004-08-19,2.2058238983154297,2.225945717928908,2.180672327665618,2.1831875344153313,587680
SOUTHBANK,2004-08-20,2.1580357551574707,2.2007937820476857,2.150490464553033,2.1731268332137708,478811
SOUTHBANK,2004-08-23,2.1052160263061523,2.188217520446774,2.09264032339041,2.1379137150891316,782801
SOUTHBANK,2004-08-24,2.1027019023895264,2.1328842247624302,2.092640741828331,2.1303688518142256,419018
SOUTHBANK,2004-08-25,2.1027019023895264,2.1479753031409765,2.095155949160724,2.1127624004874748,1117004
SOUTHBANK,2004-08-26,2.1102471351623535,2.1555203690538165,2.1001864717250753,2.1555203690538165,798847
SOUTHBANK,2004-08-27,2.168095827102661,2.2007933496860916,2.1152773127058984,2.1379136769195606,1465597
SOUTHBANK,2004-08-30,2.1857025623321533,2.208339591988978,2.1731266923696024,2.1756420651010693,841861
SOUTHBANK,2004-08-31,2.173126697540283,2.218400094498465,2.168096117681177,2.2083395972434436,894763
SOUTHBANK,2004-09-01,2.2033088207244873,2.2133699795446753,2.163066007217348,2.1731265035744043,1260783
SOUTHBANK,2004-09-02,2.2633540630340576,2.307028046040213,2.237662847943922,2.2607848061941596,1570808
SOUTHBANK,2004-09-03,2.260784387588501,2.301889275307404,2.237662433619512,2.2864747521037945,1464534
SOUTHBANK,2004-09-06,2.235093116760254,2.2710603365951867,2.22224801943206,2.2607843263980594,1278666
SOUTHBANK,2004-09-07,2.209402561187744,2.2402314349213572,2.199125875228245,2.2402314349213572,1436585
SOUTHBANK,2004-09-08,2.2119719982147217,2.2299554388790237,2.1837117015866445,2.1888500449867476,1104079
SOUTHBANK,2004-09-09,2.2505075931549072,2.304458252631603,2.2016951078344267,2.2094027073958817,3046334
SOUTHBANK,2004-09-10,2.2505075931549072,2.291613155568197,2.227386316942636,2.271060289779769,3084930
SOUTHBANK,2004-09-13,2.348132371902466,2.389237936879172,2.2299555430847553,2.2350932100706666,2974555
SOUTHBANK,2004-09-14,2.3609778881073,2.404651855760433,2.340425193921996,2.358408801334137,2859306
SOUTHBANK,2004-09-15,2.355839967727661,2.4097907996358225,2.3404256134889057,2.3866688453687486,2148988
SOUTHBANK,2004-09-16,2.389238119125366,2.4020833871332035,2.3507018076110864,2.368685419651084,1387383
SOUTHBANK,2004-09-17,2.435481071472168,2.481724301585998,2.4149283743872925,2.4149283743872925,2276500
SOUTHBANK,2004-09-20,2.4868624210357666,2.5176911255592818,2.4354808521149476,2.4868624210357666,2940640
SOUTHBANK,2004-09-21,2.481724739074707,2.54338233370788,2.471448727047911,2.54338233370788,1264636
SOUTHBANK,2004-09-22,2.4920012950897217,2.515122574664509,2.440619715218735,2.4740176829276197,2107133
SOUTHBANK,2004-09-23,2.52026104927063,2.5896262448965475,2.481724735498676,2.499708348592254,2675288
SOUTHBANK,2004-09-24,2.502277135848999,2.5587970559309032,2.492001125070357,2.553658712214424,1204581
SOUTHBANK,2004-09-27,2.4714484214782715,2.5202607412973994,2.4663099086093996,2.4920011196451286,858239
SOUTHBANK,2004-09-28,2.422635793685913,2.4945693873304435,2.414928363151375,2.4663097672973624,664637
SOUTHBANK,2004-09-29,2.4431889057159424,2.543382129476781,2.435481305242159,2.461171671573437,871205
SOUTHBANK,2004-09-30,2.4431889057159424,2.4868628837226456,2.37639297210582,2.4868628837226456,844761
SOUTHBANK,2004-10-01,2.422635793685913,2.4534646700062193,2.3635467898418185,2.4406194035515067,908006
SOUTHBANK,2004-10-04,2.422635793685913,2.4868626334501815,2.414928363151375,2.4406194035515067,1164203
SOUTHBANK,2004-10-05,2.5176920890808105,2.543382629627666,2.407222155740303,2.407222155740303,1939755
SOUTHBANK,2004-10-06,2.4868624210357666,2.592193969127405,2.476586411746001,2.5433816562743594,2276886
SOUTHBANK,2004-10-07,2.497138738632202,2.512553092797077,2.4611715175324846,2.4611715175324846,847136
SOUTHBANK,2004-10-08,2.489431619644165,2.5228297508976274,2.466309667305129,2.4945692861924726,790741
SOUTHBANK,2004-10-11,2.5176920890808105,2.592194961161206,2.492001717697575,2.5279681023032095,1227932
SOUTHBANK,2004-10-12,2.481724739074707,2.561365946827372,2.4611718692031164,2.5125534518094934,977976
SOUTHBANK,2004-10-14,2.4508955478668213,2.4688791587167342,2.4303428497526354,2.4663099022888826,684453
SOUTHBANK,2004-10-15,2.4174976348876953,2.4663099556375885,2.4149285475678504,2.4663099556375885,465609
SOUTHBANK,2004-10-18,2.4123597145080566,2.4663103885307844,2.4046527895229457,2.4149289714424462,1040903
SOUTHBANK,2004-10-19,2.3789608478546143,2.4277731588124323,2.3661155829958163,2.4200664058896693,821521
SOUTHBANK,2004-10-20,2.368685483932495,2.4303430765378384,2.2787682671102822,2.2787682671102822,1175706
SOUTHBANK,2004-10-21,2.348132371902466,2.376392839014722,2.332718017636119,2.360978315584799,1288926
SOUTHBANK,2004-10-22,2.348132371902466,2.348132371902466,2.348132371902466,2.348132371902466,0
SOUTHBANK,2004-10-25,2.2453701496124268,2.3507017153002727,2.2350932927880836,2.312166081953625,1376184
SOUTHBANK,2004-10-26,2.276198387145996,2.360977913235607,2.2479380940133318,2.360977913235607,715523
SOUTHBANK,2004-10-27,2.3044581413269043,2.337856102565626,2.247938228338431,2.2813361895771527,821037
SOUTHBANK,2004-10-28,2.2633540630340576,2.312166390556403,2.2607848061941596,2.312166390556403,1238371
SOUTHBANK,2004-10-29,2.301889181137085,2.5176913130141325,2.2556459517452154,2.504846215863766,2207786
SOUTHBANK,2004-11-01,2.1914191246032715,2.3584091100647218,2.1426068078504272,2.265921974123706,4407757
SOUTHBANK,2004-11-02,2.2787678241729736,2.299319843555824,2.1888499481742425,2.209402644211338,2164813
SOUTHBANK,2004-11-03,2.294182300567627,2.312165910568414,2.263353593179133,2.2864747008115773,1920049
SOUTHBANK,2004-11-04,2.301889181137085,2.3840994607023904,2.273629561413717,2.2761986485092174,2523348
SOUTHBANK,2004-11-05,2.3044581413269043,2.399513681971469,2.273629436205762,2.3121657405160847,2919844
SOUTHBANK,2004-11-08,2.2916131019592285,2.3378561607926795,2.2813362463965112,2.286474589596089,926372
SOUTHBANK,2004-11-09,2.3044581413269043,2.3609780543153778,2.260784170599212,2.2813361895771527,1478039
SOUTHBANK,2004-11-10,2.3095970153808594,2.363547177164362,2.2967510701667617,2.3455642410061195,1316019
SOUTHBANK,2004-11-11,2.294182300567627,2.3250111771196913,2.2890439571181176,2.317303577363642,778188
SOUTHBANK,2004-11-12,2.3070273399353027,2.3507013095742977,2.294182074648958,2.3507013095742977,281163
SOUTHBANK,2004-11-15,2.3070273399353027,2.3070273399353027,2.3070273399353027,2.3070273399353027,0
SOUTHBANK,2004-11-16,2.3609778881073,2.399513513050561,2.271060020210141,2.271060020210141,2363979
SOUTHBANK,2004-11-17,2.456033945083618,2.4868628237631767,2.3635469707177794,2.3635469707177794,4469718
SOUTHBANK,2004-11-18,2.6461451053619385,2.671836146589522,2.456033836233294,2.4663098467317486,10260744
SOUTHBANK,2004-11-19,2.59476375579834,2.7591843363093678,2.579349231220912,2.6512836792489085,7028224
SOUTHBANK,2004-11-22,2.6127469539642334,2.643575831068449,2.515122317437195,2.5690729792422524,3622236
SOUTHBANK,2004-11-23,2.6461451053619385,2.7412006553444734,2.597332617603896,2.6358689256999095,4113088
SOUTHBANK,2004-11-24,2.6410067081451416,2.6949575418394827,2.628161609878415,2.666697919660087,2216734
SOUTHBANK,2004-11-25,2.6050407886505127,2.674405143448562,2.5947640992448124,2.6435764285403547,2712323
SOUTHBANK,2004-11-26,2.6050407886505127,2.6050407886505127,2.6050407886505127,2.6050407886505127,0
SOUTHBANK,2004-11-29,2.576780080795288,2.6718363133655307,2.569073157022168,2.5973327797293946,1996261
SOUTHBANK,2004-11-30,2.507415771484375,2.620454948154138,2.4791554698261375,2.617885860578589,2052532
SOUTHBANK,2004-12-01,2.5793490409851074,2.6384382166708082,2.4149284726006583,2.52282996752096,4022156
SOUTHBANK,2004-12-02,2.6461451053619385,2.6846814134579517,2.605040217550248,2.6204545716250784,5093136
SOUTHBANK,2004-12-03,2.5716426372528076,2.6846818145690277,2.5459514230231943,2.6846818145690277,2965165
SOUTHBANK,2004-12-06,2.728355646133423,2.8157044502364266,2.658990454173541,2.658990454173541,8185012
SOUTHBANK,2004-12-07,2.800290107727051,2.872223715161533,2.7000961981876013,2.764323050264407,11529164
SOUTHBANK,2004-12-08,2.877362012863159,2.928743423004562,2.8259804335581675,2.8259804335581675,9310151
SOUTHBANK,2004-12-09,2.8670856952667236,2.9287431101891124,2.8388252291367038,2.9287431101891124,4211380
SOUTHBANK,2004-12-10,2.882500171661377,2.9698484669172873,2.8002898820601296,2.890207264725165,5637098
SOUTHBANK,2004-12-13,2.8850696086883545,2.9287435898844256,2.7797373566531083,2.9158983211989455,4012352
SOUTHBANK,2004-12-14,2.923604965209961,2.9929701497657635,2.900483688127553,2.903052944465917,5058365
SOUTHBANK,2004-12-15,2.8747923374176025,2.9801247372676256,2.854240317678964,2.9698480507440497,3602655
SOUTHBANK,2004-12-16,3.188218832015991,3.252445830342132,2.838824732507533,2.9287425978295465,25793355
SOUTHBANK,2004-12-17,3.563305139541626,3.645515614346272,3.175375064202601,3.242171011545018,87029406
SOUTHBANK,2004-12-20,3.5889956951141357,3.920406113635749,3.535044689781995,3.565873739021167,61493560
SOUTHBANK,2004-12-21,3.558166265487671,3.6660672496352134,3.442558189017855,3.642945296014107,25598455
SOUTHBANK,2004-12-22,3.4271440505981445,3.5967024690039215,3.4014528377687663,3.5453210583267083,13772481
SOUTHBANK,2004-12-23,3.6968960762023926,3.7585538317459024,3.45540356684473,3.45540356684473,26453726
SOUTHBANK,2004-12-24,3.583857774734497,3.7714006811376057,3.5555983157481776,3.73543345107575,10029942
SOUTHBANK,2004-12-27,3.501646041870117,3.6378071420617615,3.19078838324358,3.545320350642397,4650366
SOUTHBANK,2004-12-28,3.4733872413635254,3.5504591872169846,3.457972716861963,3.5401831758764533,3727474
SOUTHBANK,2004-12-29,3.380899667739868,3.535044216650617,3.3449331250956322,3.5093540223773827,4626284
SOUTHBANK,2004-12-30,3.596702814102173,3.7714004391519085,3.4733876196412616,3.5658741000687484,22418671
SOUTHBANK,2004-12-31,3.794520854949951,3.853610032921355,3.5761496152400456,3.596702313955809,24767461
SOUTHBANK,2005-01-03,3.7431399822235107,3.8510413275974513,3.709742011193903,3.8279193690693103,8857466
SOUTHBANK,2005-01-04,3.7097415924072266,3.7765375269259573,3.699465581065802,3.7765375269259573,4416374
SOUTHBANK,2005-01-05,3.488801956176758,3.725156319791129,3.288413803379767,3.6994657825476343,6648699
SOUTHBANK,2005-01-06,3.4220056533813477,3.622393446498412,3.2729992676034168,3.509354282686886,9037797
SOUTHBANK,2005-01-07,3.5401828289031982,3.619824023531541,3.4682483882795334,3.4682483882795334,5671593
SOUTHBANK,2005-01-10,3.6018409729003906,3.717449062042824,3.57614976013757,3.717449062042824,6850876
SOUTHBANK,2005-01-11,3.439988851547241,3.617254677395191,3.404021632128387,3.5221993004632006,3728219
SOUTHBANK,2005-01-12,3.195927858352661,3.5093548675131747,3.1085788761634467,3.5093548675131747,4232218
SOUTHBANK,2005-01-13,3.694326877593994,3.750846797859721,3.2370320475158394,3.288413454884796,22943922
SOUTHBANK,2005-01-14,3.583857774734497,3.7970908830987464,3.4708185854802784,3.596703044878685,30649544
SOUTHBANK,2005-01-17,3.7097415924072266,3.843333461444688,3.5967024227069677,3.6429456578884962,25238995
SOUTHBANK,2005-01-18,3.6223933696746826,3.802228460711287,3.5864261484710704,3.7508467161346983,17479864
SOUTHBANK,2005-01-19,3.545320987701416,3.658359818277727,3.5196304520381734,3.627531107816401,7309360
SOUTHBANK,2005-01-20,3.439988851547241,3.596701980584417,3.3911763657852214,3.550458751087312,5059718
SOUTHBANK,2005-01-24,3.3346567153930664,3.535044510291537,3.3012587495766543,3.535044510291537,3105850
SOUTHBANK,2005-01-25,3.3526408672332764,3.375762824714571,3.24987770192628,3.2652918891442098,4049484
SOUTHBANK,2005-01-27,3.375762462615967,3.4785246019186613,3.3449334148325622,3.386038473549938,3311659
SOUTHBANK,2005-01-28,3.37319278717041,3.429712024432365,3.352640091200884,3.3860380529878036,3050435
SOUTHBANK,2005-01-31,3.3963143825531006,3.4399890347657336,3.352640406994774,3.4040218134312163,4231389
SOUTHBANK,2005-02-01,3.4733872413635254,3.5453210123831305,3.3397953723376705,3.3963146188557127,5922266
SOUTHBANK,2005-02-02,3.424574375152588,3.5299061019113798,3.4065909343640484,3.483662871790238,2584025
SOUTHBANK,2005-02-03,3.44769549369812,3.5093539204606103,3.4297120537347006,3.4733867022066467,2675813
SOUTHBANK,2005-02-04,3.419436454772949,3.486232386941799,3.4065911873026824,3.4785246174707423,1985145
SOUTHBANK,2005-02-07,3.4014534950256348,3.46824944331103,3.391177481566321,3.4220065369260015,2403072
SOUTHBANK,2005-02-08,3.470818042755127,3.506785267192857,3.3731933959356537,3.41172953866963,4389529
SOUTHBANK,2005-02-09,3.4733872413635254,3.5453210123831305,3.4425585306875774,3.4631105533686406,2962486
SOUTHBANK,2005-02-10,3.4271440505981445,3.504215997450374,3.4040220943825767,3.504215997450374,2024707
SOUTHBANK,2005-02-11,3.4220056533813477,3.5170610370460915,3.396314442221042,3.396314442221042,4578394
SOUTHBANK,2005-02-14,3.3886077404022217,3.5144921859872014,3.3783317284108096,3.499077998836484,2871333
SOUTHBANK,2005-02-15,3.3346567153930664,3.447695880209487,3.3243807044956153,3.4297124382299953,3081409
SOUTHBANK,2005-02-16,3.2807071208953857,3.375762855122452,3.2627236767610115,3.339795628526501,3372570
SOUTHBANK,2005-02-17,3.249877691268921,3.362916868241447,3.2216178970257894,3.288413835841773,3945020
SOUTHBANK,2005-02-18,3.283275842666626,3.344933948062614,3.2498778714074077,3.283275842666626,2531716
SOUTHBANK,2005-02-21,3.342364549636841,3.3757625161011,3.267860847149605,3.288413545997509,2982026
SOUTHBANK,2005-02-22,3.4348506927490234,3.463110484610551,3.3141040940415705,3.3397953060279337,6698977
SOUTHBANK,2005-02-23,3.4733872413635254,3.5915645858878182,3.4476960288670777,3.457972716861963,7402515
SOUTHBANK,2005-02-24,3.419436454772949,3.529906364006138,3.398883756158791,3.529906364006138,2060044
SOUTHBANK,2005-02-25,3.3475019931793213,3.439989136488706,3.3397952387276177,3.439989136488706,1758664
SOUTHBANK,2005-02-28,3.3629167079925537,3.4374200751692103,3.3089667171503305,3.3886075825926394,2789405
SOUTHBANK,2005-03-01,3.380899667739868,3.5196300324212495,3.3654851451833663,3.442558096293009,3076134
SOUTHBANK,2005-03-02,3.3886077404022217,3.463110772721348,3.342364840622872,3.4425587487385245,2347367
SOUTHBANK,2005-03-03,3.4502649307250977,3.4810936382315396,3.3886071773850714,3.3886071773850714,2821690
SOUTHBANK,2005-03-04,3.375762462615967,3.463110416354122,3.365485436700505,3.4374198815284487,2976212
SOUTHBANK,2005-03-07,3.44769549369812,3.519629930206047,3.3963140916624397,3.442557996316088,5683744
SOUTHBANK,2005-03-08,3.5401828289031982,3.586426059548411,3.4682483882795334,3.4682483882795334,8566553
SOUTHBANK,2005-03-09,3.5350453853607178,3.7508477575160746,3.481094707740067,3.622394375392399,10365306
SOUTHBANK,2005-03-10,3.5427517890930176,3.5967017692332246,3.519629837376033,3.5710112380565326,3549863
SOUTHBANK,2005-03-11,3.514490842819214,3.588994523318923,3.499076661559488,3.5761485828393242,3093091
SOUTHBANK,2005-03-14,3.501646041870117,3.571011220016419,3.486231858572818,3.545320350642397,2695780
SOUTHBANK,2005-03-15,3.4656801223754883,3.5196307938309483,3.447696339672197,3.5042162679397872,1848989
SOUTHBANK,2005-03-16,3.4810938835144043,3.504215838682369,3.442558419325015,3.4888016530066137,2063138
SOUTHBANK,2005-03-17,3.591564893722534,3.7765378502866964,3.5633047605505586,3.7765378502866964,18595184
SOUTHBANK,2005-03-18,3.537614345550537,3.6301008270494495,3.475956916769407,3.617255557580649,4970098
SOUTHBANK,2005-03-21,3.4990780353546143,3.581288162107086,3.4682489840770363,3.5710121500084284,2884604
SOUTHBANK,2005-03-22,3.398883581161499,3.5350443566519174,3.375762303901756,3.517060915454019,3625564
SOUTHBANK,2005-03-23,3.311535120010376,3.429712109795118,3.247308450997738,3.429712109795118,2409355
SOUTHBANK,2005-03-24,3.316673994064331,3.3475027101095076,3.1882202775004185,3.3218121697930667,2795867
SOUTHBANK,2005-03-28,3.219048500061035,3.4656798822496957,3.2062035701991958,3.3577788851420958,4217442
SOUTHBANK,2005-03-29,3.072611093521118,3.2704299657733507,3.0443516412875473,3.2704299657733507,3179162
SOUTHBANK,2005-03-30,3.144545793533325,3.206203554190841,3.0212299338911106,3.0854566128427314,3384957
SOUTHBANK,2005-03-31,3.2884135246276855,3.391176679872228,3.1959273953946474,3.1959273953946474,3400837
SOUTHBANK,2005-04-01,3.3629167079925537,3.3886075825926394,3.3012589472795315,3.3192427286631823,1572575
SOUTHBANK,2005-04-04,3.5093541145324707,3.5453206581211822,3.39631427948305,3.414297720440977,4192476
SOUTHBANK,2005-04-05,3.41686749458313,3.532475926822241,3.3809002688893823,3.519630658238071,2369779
SOUTHBANK,2005-04-06,3.3860385417938232,3.455403731540922,3.3500713186549502,3.4374199508079,1631084
SOUTHBANK,2005-04-07,3.398883581161499,3.437419719915365,3.386038314352593,3.3911764887415847,1439650
SOUTHBANK,2005-04-08,3.3937456607818604,3.4425581471009616,3.370623707442289,3.4425581471009616,1552207
SOUTHBANK,2005-04-11,3.37319278717041,3.4117289229497114,3.365485018691156,3.3757620433301616,735077
SOUTHBANK,2005-04-12,3.4014534950256348,3.4322825503853154,3.378332210996744,3.391177481566321,938358
SOUTHBANK,2005-04-13,3.432281494140625,3.53761356004728,3.4142977148848197,3.4245744018360957,2538538
SOUTHBANK,2005-04-15,3.380899667739868,3.442558096293009,3.3218111720973127,3.442558096293009,1584451
SOUTHBANK,2005-04-18,3.2601540088653564,3.324380683625232,3.1342689008177294,3.3012587288514306,836062
SOUTHBANK,2005-04-19,3.270429849624634,3.37319299755442,3.2396011420746977,3.288413290556025,893175
SOUTHBANK,2005-04-20,3.2396011352539062,3.2807065296701325,3.2113413457563214,3.2550153198328493,906446
SOUTHBANK,2005-04-21,3.3063976764678955,3.3654858460891903,3.177943971732509,3.224187210705631,2635656
SOUTHBANK,2005-04-22,3.3141043186187744,3.3449337074261014,3.242170544152848,3.339795532346079,1338693
SOUTHBANK,2005-04-25,3.3218114376068115,3.3526404851839535,3.190788831221859,3.2473087517799533,1107062
SOUTHBANK,2005-04-26,3.272998809814453,3.329518722142028,3.2627228004456423,3.3192420361189936,650387
SOUTHBANK,2005-04-27,3.244739294052124,3.2986892781477866,3.2370318634723376,3.2986892781477866,464988
SOUTHBANK,2005-04-28,3.211341381072998,3.3346565506964088,3.1342687656949684,3.1342687656949684,647583
SOUTHBANK,2005-04-29,3.1496834754943848,3.257584805093234,2.7745987550478994,3.257584805093234,1495024
SOUTHBANK,2005-05-02,3.057196617126465,3.1805124549398163,2.8259799710080045,3.159959758916404,2780609
SOUTHBANK,2005-05-03,3.0417826175689697,3.129131252344451,3.0315066061193665,3.0674738303381095,796099
SOUTHBANK,2005-05-04,3.106008768081665,3.1342685559993386,3.0417821003877235,3.0417821003877235,564136
SOUTHBANK,2005-05-05,3.6223933696746826,3.720018007715897,3.1085782921988603,3.1085782921988603,35367588
SOUTHBANK,2005-05-06,3.491370439529419,3.673774787534909,3.391176544779141,3.6480835768382667,9747149
SOUTHBANK,2005-05-09,3.4939393997192383,3.542751883919445,3.3500708649742013,3.4502647512301987,5005270
SOUTHBANK,2005-05-10,3.5299060344696045,3.6480833638141683,3.452834098515938,3.540182721144462,9098667
SOUTHBANK,2005-05-11,3.5787181854248047,3.609546889259026,3.4990770006653724,3.540182390213803,6293409
SOUTHBANK,2005-05-12,3.380899667739868,3.463110116380743,3.339794950910132,3.442558096293009,10618851
SOUTHBANK,2005-05-13,3.2010645866394043,3.3911763548730463,3.17023587984958,3.3911763548730463,10076561
SOUTHBANK,2005-05-16,3.070042133331299,3.2755680953441497,3.05719686643273,3.2113414225241557,8634507
SOUTHBANK,2005-05-17,2.990400791168213,3.129130817208687,2.967279514876456,3.08288792629804,7518566
SOUTHBANK,2005-05-18,2.9390194416046143,3.0700423930312017,2.903053232569621,3.005815376450989,8182375
SOUTHBANK,2005-05-19,3.0340757369995117,3.049490261025932,2.9801250720706234,3.003246350619505,3526236
SOUTHBANK,2005-05-20,3.0212297439575195,3.052058453184599,3.0006777222423477,3.0443516987867802,2045683
SOUTHBANK,2005-05-23,3.016092538833618,3.0520587494904907,3.0058155119968153,3.0366445625440615,1323600
SOUTHBANK,2005-05-24,3.0340757369995117,3.0571970155483927,2.9801250720706234,2.9801250720706234,1319789
SOUTHBANK,2005-05-25,3.0083842277526855,3.0443514469236854,2.995538961498038,3.0315061806690378,1792054
SOUTHBANK,2005-05-26,2.9749867916107178,3.0392134725837274,2.967280036485851,2.9929705735441776,1374914
SOUTHBANK,2005-05-27,2.957003355026245,3.0469212499254894,2.9287435611986634,2.9981087557406867,4921353
SOUTHBANK,2005-05-30,2.8593783378601074,2.9826942004343358,2.8465334077569953,2.9801252820791513,3574705
SOUTHBANK,2005-05-31,2.8259804248809814,2.9107599712666454,2.8157044135459954,2.8747927474490766,5232261
SOUTHBANK,2005-06-01,2.8670856952667236,2.88249987983375,2.83368756232936,2.8568090083434705,3574912
SOUTHBANK,2005-06-02,2.8722236156463623,2.897914829245034,2.846533417029264,2.864516860555705,1809716
SOUTHBANK,2005-06-03,2.9518654346466064,3.031506638784049,2.85167153073414,2.864516798929938,2937658
SOUTHBANK,2005-06-06,3.0083842277526855,3.0289369244218283,2.913328851475733,2.9904007873307523,2720153
SOUTHBANK,2005-06-07,3.0520591735839844,3.0700429580657134,2.972417956094651,3.0058159296646605,2187031
SOUTHBANK,2005-06-08,3.057196617126465,3.121423284708945,3.0443513512753935,3.062334791132318,2982523
SOUTHBANK,2005-06-09,2.990400791168213,3.1034399463392903,2.9698480944726957,3.08288792629804,1452244
SOUTHBANK,2005-06-10,2.9724173545837402,3.031506533549324,2.969848436364631,3.031506533549324,1181948
SOUTHBANK,2005-06-13,2.9647104740142822,3.021229717378851,2.944157775825597,3.0109537066116663,1555825
SOUTHBANK,2005-06-14,2.977555990219116,3.044351926591049,2.96984855859024,2.992970515149682,3013455
SOUTHBANK,2005-06-15,2.94929575920105,3.0212295215444263,2.928743062344579,2.985262978699874,1760225
SOUTHBANK,2005-06-16,2.9467267990112305,3.0160919807437843,2.88249979141913,2.9749862492930266,2501917
SOUTHBANK,2005-06-17,2.8876378536224365,2.9570030407932015,2.8825000174063096,2.9570030407932015,827569
SOUTHBANK,2005-06-20,2.849102020263672,3.077749600744777,2.8311185787263162,3.077749600744777,1459867
SOUTHBANK,2005-06-21,2.9801251888275146,2.9929704568558737,2.8259804500148977,2.8516714935623853,3046279
SOUTHBANK,2005-06-22,2.8799314498901367,2.9955395453698377,2.8670861811317696,2.9955395453698377,1954903
SOUTHBANK,2005-06-23,2.8799314498901367,2.9364507000923914,2.8670861811317696,2.887638205152518,1727608
SOUTHBANK,2005-06-24,2.944157600402832,2.9801248200899844,2.82854918747055,2.8542403970027963,2681654
SOUTHBANK,2005-06-27,2.8876378536224365,2.985263169944846,2.8773618428630248,2.985263169944846,883896
SOUTHBANK,2005-06-28,2.8413946628570557,2.9184672821400675,2.8285493954734684,2.903053096610628,1089345
SOUTHBANK,2005-06-29,2.8593783378601074,2.8773621196551598,2.838825637709871,2.8773621196551598,628527
SOUTHBANK,2005-06-30,2.856809139251709,2.9133290591202505,2.851671303045362,2.8619473137852127,1047573
SOUTHBANK,2005-07-01,2.8619470596313477,2.913328800403454,2.8336874405338164,2.8773615818629796,1179959
SOUTHBANK,2005-07-04,2.9056215286254883,2.9749867213649344,2.892776260399629,2.9698485464091537,1251117
SOUTHBANK,2005-07-05,2.890207290649414,2.9390194443698614,2.87222350946064,2.9133292467025265,1135094
SOUTHBANK,2005-07-06,3.2010645866394043,3.226755795897337,2.8876376529193313,2.903052852132079,20728195
SOUTHBANK,2005-07-07,3.023799419403076,3.23189399675612,2.9852636121113916,3.23189399675612,9462339
SOUTHBANK,2005-07-08,3.185650587081909,3.2139110572361234,3.0417827012314733,3.0751806697610227,8790465
SOUTHBANK,2005-07-11,3.2267560958862305,3.262723318533192,3.1342689519369005,3.237032106886768,7488352
SOUTHBANK,2005-07-12,3.152252435684204,3.3012588262473996,3.1342689932870518,3.2781375474457786,4904976
SOUTHBANK,2005-07-13,3.1805126667022705,3.2370319078755303,3.141976189929005,3.183081246385533,3769701
SOUTHBANK,2005-07-14,3.1650984287261963,3.272999423097259,3.1471149860522147,3.226756188127829,2263657
SOUTHBANK,2005-07-15,3.1728053092956543,3.2113414486318033,3.0828881019475114,3.0828881019475114,1913421
SOUTHBANK,2005-07-18,3.290982484817505,3.329518960600737,3.175374072449218,3.1959271076401747,5990869
SOUTHBANK,2005-07-19,3.329519748687744,3.3988842712036664,3.2935525206627267,3.329519748687744,6795571
SOUTHBANK,2005-07-20,3.3012592792510986,3.3860390047931594,3.288414009822939,3.350071776736209,3152442
SOUTHBANK,2005-07-21,3.2344627380371094,3.337225889417337,3.211341460343679,3.337225889417337,2621488
SOUTHBANK,2005-07-22,3.3629167079925537,3.3911768392162394,3.2473089564373083,3.2473089564373083,4390316
SOUTHBANK,2005-07-25,3.296121120452881,3.4271437220348826,3.278137340861873,3.3937457575475087,3283516
SOUTHBANK,2005-07-26,3.237032175064087,3.3320875625294546,3.1907889404426277,3.296121354106481,3554751
SOUTHBANK,2005-07-27,3.20363450050354,3.2627236849371335,3.185650717996897,3.2627236849371335,2063538
SOUTHBANK,2005-07-28,3.5135600566864014,3.5135600566864014,3.5135600566864014,3.5135600566864014,0
SOUTHBANK,2005-07-29,3.1471152305603027,3.257585151755859,3.134269285044668,3.2344631941475597,2979333
SOUTHBANK,2005-08-01,3.219048500061035,3.2370322815182884,3.1342691210245506,3.1779437771870342,1810406
SOUTHBANK,2005-08-02,3.229325294494629,3.2781374454354912,3.2164793505745206,3.2627232600474083,1905343
SOUTHBANK,2005-08-03,3.1805126667022705,3.2884133130279762,3.162529225647986,3.278137302659203,2141144
SOUTHBANK,2005-08-04,3.2139110565185547,3.2729995618562935,3.1933583564042856,3.211341799840676,1995957
SOUTHBANK,2005-08-05,3.2396011352539062,3.272999099053519,3.15995994106318,3.15995994106318,2013274
SOUTHBANK,2005-08-08,3.5119223594665527,3.542752082074938,3.2781372884472573,3.2935518114243068,19573160
SOUTHBANK,2005-08-09,3.6763429641723633,3.8125040653099442,3.5196298440470137,3.5196298440470137,45316955
SOUTHBANK,2005-08-10,4.195296764373779,4.251816008865845,3.7123107155947404,3.7559853692805367,79387913
SOUTHBANK,2005-08-11,4.151622295379639,4.403391511105283,4.1105172346808,4.264662142701189,62092716
SOUTHBANK,2005-08-12,3.9024221897125244,4.22869439314312,3.8793002364696747,4.22869439314312,14662426
SOUTHBANK,2005-08-16,3.9820642471313477,4.020599716475315,3.856179120099102,3.904991616807357,9770941
SOUTHBANK,2005-08-17,3.807366371154785,4.0026160067254075,3.750847122649318,4.0026160067254075,6961941
SOUTHBANK,2005-08-18,3.766261339187622,3.9229744801488415,3.727724860571677,3.8536099689524876,5796384
SOUTHBANK,2005-08-19,3.761122941970825,3.879300622933101,3.7354327448665923,3.879300622933101,4048863
SOUTHBANK,2005-08-22,3.658360004425049,3.789382960952218,3.5838573118798758,3.789382960952218,4835641
SOUTHBANK,2005-08-23,3.712310791015625,3.9666492571965737,3.6532222888346744,3.7251560587371935,12762413
SOUTHBANK,2005-08-24,3.581287384033203,3.745708278470311,3.5453205036840956,3.745708278470311,5515054
SOUTHBANK,2005-08-25,3.619825601577759,3.6480850652230656,3.535045857332674,3.6480850652230656,4407108
SOUTHBANK,2005-08-26,3.660928964614868,3.7251559784935373,3.6249627570927005,3.689189432644205,3554738
SOUTHBANK,2005-08-29,3.666067361831665,3.720018024720116,3.4990775370123206,3.720018024720116,2825308
SOUTHBANK,2005-08-30,3.666067361831665,3.7225872811242655,3.6429454075029337,3.6968960703913845,3147581
SOUTHBANK,2005-08-31,3.827918291091919,3.874161518471248,3.4990771871421145,3.686619691133801,6818673
SOUTHBANK,2005-09-01,3.784245014190674,3.9563726895349656,3.7380021166538477,3.8844392557746605,4436825
SOUTHBANK,2005-09-02,3.9589414596557617,4.053996837994292,3.6789124839374723,3.8022283282996914,19745510
SOUTHBANK,2005-09-05,3.838196039199829,4.005185202146025,3.809935569561304,3.969218654248711,5957990
SOUTHBANK,2005-09-06,3.7508461475372314,3.897283251563967,3.7277241968192882,3.8536092827852095,2915204
SOUTHBANK,2005-09-08,3.8433339595794678,3.8972846331685855,3.7071734929678537,3.7893832859903496,6486389
SOUTHBANK,2005-09-09,3.812504768371582,3.9358206266370717,3.763692276383907,3.8613172603592574,6773739
SOUTHBANK,2005-09-12,3.7970900535583496,3.853609974164934,3.781675868083715,3.8047978229499892,2659615
SOUTHBANK,2005-09-13,3.7791075706481934,3.8330582484820215,3.7611237858187523,3.797091017150387,2624001
SOUTHBANK,2005-09-14,3.7302942276000977,3.827918871118749,3.699465517451587,3.807366172134961,3331129
SOUTHBANK,2005-09-15,3.7559854984283447,3.7816760342328983,3.678912876033155,3.763692253177099,2127708
SOUTHBANK,2005-09-16,3.745708465576172,3.789382440088228,3.730293942516369,3.7559851526098518,2322663
SOUTHBANK,2005-09-19,3.7431399822235107,3.7816764669946736,3.709742011193903,3.753416671379407,2590805
SOUTHBANK,2005-09-20,3.9383890628814697,4.033445125123233,3.7302941728689003,3.7302941728689003,19219030
SOUTHBANK,2005-09-21,3.7919514179229736,4.005184453777353,3.6557909917068954,4.005184453777353,8871386
SOUTHBANK,2005-09-22,3.5093541145324707,3.799659102837379,3.493939591571186,3.799659102837379,5124924
SOUTHBANK,2005-09-23,3.612116575241089,3.648083457050216,3.5453206476008736,3.5453206476008736,3333449
SOUTHBANK,2005-09-26,3.8304877281188965,3.8793002139504544,3.699465131581398,3.699465131581398,5103741
SOUTHBANK,2005-09-27,3.7636923789978027,3.9306822206185976,3.424574859085284,3.8536102723012355,5155318
SOUTHBANK,2005-09-28,3.7585535049438477,3.8433328691538073,3.738001485428243,3.7868136313409586,2814717
SOUTHBANK,2005-09-29,3.8484716415405273,3.9717868119099102,3.763691933275409,3.8022284103611157,10489061
SOUTHBANK,2005-09-30,3.7791075706481934,3.8613180467932535,3.6018416860876448,3.827919734250255,4758504
SOUTHBANK,2005-10-03,3.8459019660949707,3.8741614146677206,3.7893820539681395,3.8022279960330856,3078605
SOUTHBANK,2005-10-04,4.023168087005615,4.0796880034584415,3.8536096909556825,3.9049907565312516,16143006
SOUTHBANK,2005-10-05,3.8921453952789307,4.030875757591264,3.8536095970364395,3.9974774567922746,8543755
SOUTHBANK,2005-10-06,3.853609800338745,3.8998530313310606,3.776537184806309,3.8150736617361,4881210
SOUTHBANK,2005-10-07,3.812504768371582,3.899853402630877,3.7765375443653877,3.899853402630877,3312211
SOUTHBANK,2005-10-10,3.761122941970825,3.8510408309622535,3.7097415327808454,3.8510408309622535,2084390
SOUTHBANK,2005-10-11,3.7380013465881348,3.7970895000639495,3.622392942417423,3.7970895000639495,1971281
SOUTHBANK,2005-10-13,3.7097415924072266,3.8407642048639494,3.689189569724378,3.7405703030858533,1541712
SOUTHBANK,2005-10-14,3.581287384033203,3.802228193532967,3.5581661080891727,3.802228193532967,2570105
SOUTHBANK,2005-10-17,3.398883581161499,3.658359527006282,3.368054534827547,3.6018406237088127,3044622
SOUTHBANK,2005-10-18,3.4014534950256348,3.583857893418963,3.380900791452514,3.583857893418963,2145494
SOUTHBANK,2005-10-19,3.303828239440918,3.4913707802208958,3.28841371451506,3.4913707802208958,1755226
SOUTHBANK,2005-10-20,3.1599605083465576,3.429712846830324,3.134269293897128,3.429712846830324,1251214
SOUTHBANK,2005-10-21,3.106008768081665,3.1599597644003117,2.980124688864729,3.0983020145501943,2580061
SOUTHBANK,2005-10-24,3.1676666736602783,3.226755846898631,3.1085781770762044,3.1085781770762044,1209483
SOUTHBANK,2005-10-25,3.1805126667022705,3.2524464309194077,3.1342687592434944,3.1676667233416556,1069971
SOUTHBANK,2005-10-26,3.1394078731536865,3.234463270977341,3.1034406458298083,3.234463270977341,624440
SOUTHBANK,2005-10-27,3.0058155059814453,3.159960420082001,2.990401319065864,3.159960420082001,1746443
SOUTHBANK,2005-10-28,2.967280149459839,3.054628114114647,2.9544342037872027,3.0315068328781667,1108111
SOUTHBANK,2005-10-31,2.998108386993408,3.0700421527419213,2.8824999691938937,2.9724171763795355,1681224
SOUTHBANK,2005-11-02,3.08288836479187,3.121423830759214,3.0032464846053326,3.031506615744808,592831
SOUTHBANK,2005-11-04,3.08288836479187,3.08288836479187,3.08288836479187,3.08288836479187,0
SOUTHBANK,2005-11-07,3.177943706512451,3.2318936963756766,3.118854526840919,3.1342690513212523,2000348
SOUTHBANK,2005-11-08,3.1805126667022705,3.226755897506757,3.165098143658393,3.1753741540271667,1082952
SOUTHBANK,2005-11-09,3.3012592792510986,3.3654859647191144,3.1702366514331053,3.1907893531799343,2207331
SOUTHBANK,2005-11-10,3.290982484817505,3.4065908971857923,3.249877091089864,3.329518960600737,2115266
SOUTHBANK,2005-11-11,3.3141043186187744,3.339795532346079,3.2678610812257665,3.296121551656679,1199402
SOUTHBANK,2005-11-14,3.3141043186187744,3.3654857310918045,3.2935522949530713,3.36291681271539,1206155
SOUTHBANK,2005-11-16,3.4297127723693848,3.5967026177204113,3.391176966513482,3.391176966513482,3420156
SOUTHBANK,2005-11-17,3.404022216796875,3.488801936539355,3.3911769482474297,3.4656799794922826,1700625
SOUTHBANK,2005-11-18,3.39117693901062,3.4425586897228353,3.380900250540985,3.404022207525078,834336
SOUTHBANK,2005-11-21,3.41686749458313,3.4888019459706245,3.3577789884341933,3.39117695741479,1666697
SOUTHBANK,2005-11-22,3.522200107574463,3.5967028047679537,3.4322822075862316,3.468249096919754,4805013
SOUTHBANK,2005-11-23,3.488801956176758,3.545321205777885,3.4528347303777918,3.4682489173930104,1207550
SOUTHBANK,2005-11-24,3.491370439529419,3.527336984192398,3.452834300138762,3.5196302299722806,1038197
SOUTHBANK,2005-11-25,3.5042152404785156,3.5530277223247486,3.4554030969593903,3.519629761850027,1406550
SOUTHBANK,2005-11-28,3.4862329959869385,3.519630967905991,3.470818469333401,3.4939404284773192,971569
SOUTHBANK,2005-11-29,3.432281494140625,3.491370329565821,3.4168669712044246,3.4245744018360957,1191987
SOUTHBANK,2005-11-30,3.3937456607818604,3.501646305288452,3.38603823022629,3.49393955138716,1329372
SOUTHBANK,2005-12-01,3.44769549369812,3.481093455770381,3.3449330279538834,3.3449330279538834,1298482
SOUTHBANK,2005-12-02,3.4451255798339844,3.4913694756595666,3.4297113989948698,3.4913694756595666,1137096
SOUTHBANK,2005-12-05,3.39117693901062,3.452834701538086,3.378331670496163,3.4425586897228353,668973
SOUTHBANK,2005-12-06,3.375762462615967,3.414297926527314,3.365485436700505,3.3911766481805055,393651
SOUTHBANK,2005-12-07,3.3141043186187744,3.404022213355568,3.296121551656679,3.391176944819109,965120
SOUTHBANK,2005-12-08,3.3269500732421875,3.365485538317064,3.3192426419000385,3.365485538317064,913530
SOUTHBANK,2005-12-09,3.329519748687744,3.391177177219056,3.3141045457368756,3.337226504345138,2262470
SOUTHBANK,2005-12-12,3.316673994064331,3.3475027101095076,3.141977034269036,3.141977034269036,654723
SOUTHBANK,2005-12-13,3.3218114376068115,3.414297903683916,3.2961212412801815,3.3397952178570582,3211558
SOUTHBANK,2005-12-14,3.398883581161499,3.517060915454019,3.3603477807347804,3.3911764887415847,5551289
SOUTHBANK,2005-12-15,3.3603477478027344,3.4554034655768007,3.339795050448187,3.3911764555074115,2285627
SOUTHBANK,2005-12-16,3.3500704765319824,3.375761682071657,3.3166725183191588,3.3423637238588335,1169851
SOUTHBANK,2005-12-19,3.3141043186187744,3.427144170379265,3.296121551656679,3.406591470059176,987214
SOUTHBANK,2005-12-20,3.3063976764678955,3.33979564646564,3.288413893909722,3.33979564646564,1155573
SOUTHBANK,2005-12-21,3.3089663982391357,3.3526403733593018,3.242170130716597,3.242170130716597,842262
SOUTHBANK,2005-12-22,3.2884135246276855,3.357778713625006,3.272999338919096,3.337226014910664,917037
SOUTHBANK,2005-12-23,3.244739294052124,3.3269497441646223,3.2370318634723376,3.31153522133219,866262
SOUTHBANK,2005-12-26,3.1265621185302734,3.2473087125928903,3.0315063971385823,3.2267560144561496,1503448
SOUTHBANK,2005-12-27,3.152252435684204,3.1702362164085263,3.0315065136357786,3.0315065136357786,807187
SOUTHBANK,2005-12-28,3.1419758796691895,3.165097831115361,3.123992440390711,3.165097831115361,1102519
SOUTHBANK,2005-12-29,3.188218832015991,3.2087715256126894,3.1471141214767595,3.180512079407853,1073465
SOUTHBANK,2005-12-30,3.3346567153930664,3.3654854247397434,3.2190482941069107,3.2627232858022603,2623629
SOUTHBANK,2006-01-02,3.368054151535034,3.391176102817739,3.3166727518195867,3.383468672947801,2852415
SOUTHBANK,2006-01-03,3.4785244464874268,3.514491667294272,3.3552092758454024,3.3911764966522475,5160689
SOUTHBANK,2006-01-04,3.475956678390503,3.5401833596570986,3.4528347212742467,3.4939401220789743,2931913
SOUTHBANK,2006-01-05,4.012892246246338,4.156760115580266,3.4939396727673597,3.529906217191903,42380678
SOUTHBANK,2006-01-06,3.871593713760376,4.133639646455529,3.8587484443123765,4.059136271671811,21356267
SOUTHBANK,2006-01-09,3.7791075706481934,3.899854196913524,3.7071737846394184,3.8536109521000985,5324298
SOUTHBANK,2006-01-10,3.835625648498535,3.9974769269818022,3.750845956285474,3.794519922837341,9706909
SOUTHBANK,2006-01-12,3.7791075706481934,3.925544738108873,3.750847772336961,3.822781558345736,4900501
SOUTHBANK,2006-01-13,3.704603910446167,3.851041053514753,3.689189723627404,3.7816761978487463,3065625
SOUTHBANK,2006-01-16,3.7354319095611572,3.840763284272349,3.704602867944759,3.7508460920422606,4343573
SOUTHBANK,2006-01-17,3.63266921043396,3.8176424672806415,3.6018405034564145,3.761122550888725,3152621
SOUTHBANK,2006-01-18,3.591564893722534,3.7714003516668586,3.522200035010973,3.6532226586863237,6307908
SOUTHBANK,2006-01-19,3.69946551322937,3.7508469223030274,3.5967023567548853,3.6018408698221385,2956010
SOUTHBANK,2006-01-20,3.6840503215789795,3.750846242771636,3.6609283702739672,3.7354320596711066,2814510
SOUTHBANK,2006-01-23,3.6429457664489746,3.7225876479175652,3.627531241486717,3.6994656913105857,1048968
SOUTHBANK,2006-01-24,3.6172542572021484,3.730293399876107,3.5992708187453086,3.730293399876107,1531107
SOUTHBANK,2006-01-25,3.527336835861206,3.6480834234294526,3.499077384933861,3.6480834234294526,1484695
SOUTHBANK,2006-01-27,3.6532223224639893,3.7225875131187682,3.5504591647639545,3.5941331430847563,3829259
SOUTHBANK,2006-01-30,3.666067361831665,3.7457085587986896,3.622393386232659,3.6994653267955337,2772586
SOUTHBANK,2006-01-31,3.6172542572021484,3.709740705452807,3.6018400747117694,3.709740705452807,1235609
SOUTHBANK,2006-02-01,3.545320987701416,3.6686368445282427,3.506785184206552,3.637807795739742,2494998
SOUTHBANK,2006-02-02,3.491370439529419,3.591564334279697,3.4220055916225283,3.591564334279697,1719792
SOUTHBANK,2006-02-03,3.491370439529419,3.581287647004748,3.4682484852333024,3.571011636384106,1192097
SOUTHBANK,2006-02-06,3.599271535873413,3.6994654336592463,3.501646556238782,3.568442826423168,3239079
SOUTHBANK,2006-02-07,3.596702814102173,3.689189971184087,3.5761501125284143,3.6480842297093563,3156212
SOUTHBANK,2006-02-08,3.6506528854370117,3.8459025032554117,3.4451265801967232,3.5967022218532567,14936009
SOUTHBANK,2006-02-10,3.6506528854370117,3.6866201072685674,3.5761495236637963,3.653222141874273,9255467
SOUTHBANK,2006-02-13,3.624962568283081,3.725155784465259,3.599271358077168,3.6891892404892785,5336367
SOUTHBANK,2006-02-14,3.550459384918213,3.6737752494701685,3.522199929249201,3.6686370743502037,3389693
SOUTHBANK,2006-02-15,3.6018409729003906,3.640377115390262,3.524768687920649,3.5889957048461607,5797116
SOUTHBANK,2006-02-16,3.6018409729003906,3.6429456953430557,3.571011923577622,3.6223936724489034,3563782
SOUTHBANK,2006-02-17,3.5889956951141357,3.6686368981578945,3.57358117049455,3.64037710551891,3331765
SOUTHBANK,2006-02-20,3.545320987701416,3.596702397355075,3.522199708600802,3.596702397355075,2031488
SOUTHBANK,2006-02-21,3.591564893722534,3.606979419545283,3.5581669236035145,3.5838574616475567,1378919
SOUTHBANK,2006-02-22,3.5478899478912354,3.5967024398866556,3.5299065050488734,3.591564603354991,1020383
SOUTHBANK,2006-02-23,3.5889956951141357,3.60697913800673,3.550459214401581,3.550459214401581,2019046
SOUTHBANK,2006-02-24,3.5350453853607178,3.5967031576440704,3.519631196035314,3.5710126165502336,1228746
SOUTHBANK,2006-02-27,3.527336835861206,3.5889952652822794,3.5067848154841723,3.586426008989796,1315066
SOUTHBANK,2006-02-28,3.483663320541382,3.5684430377873015,3.470818052370199,3.5453210814211156,1122086
SOUTHBANK,2006-03-01,3.4785244464874268,3.5042156568194645,3.455403507500897,3.4965082260544236,750750
SOUTHBANK,2006-03-02,3.4733872413635254,3.5324757444620833,3.465679809949156,3.5324757444620833,1216374
SOUTHBANK,2006-03-03,3.4425582885742188,3.481093751300004,3.290982649126523,3.416867077884621,4014976
SOUTHBANK,2006-03-06,3.37319278717041,3.442557966904001,3.347501578881381,3.442557966904001,6497229
SOUTHBANK,2006-03-07,3.3141043186187744,3.437420182212117,3.2832756064658337,3.3552097192589527,13118849
SOUTHBANK,2006-03-08,3.2139110565185547,3.3397954989004783,3.1548218745264363,3.3372262422226,8869784
SOUTHBANK,2006-03-09,3.175374746322632,3.2370325116718788,3.108578805667013,3.2370325116718788,3164842
SOUTHBANK,2006-03-10,3.270429849624634,3.311535244127405,3.1856501426262387,3.262723095646078,4029006
SOUTHBANK,2006-03-13,3.296121120452881,3.3397950954287823,3.278137340861873,3.2909826077178943,3506089
SOUTHBANK,2006-03-14,3.2935521602630615,3.308966684872751,3.275568379054835,3.2961214168615993,1638955
SOUTHBANK,2006-03-16,3.290982484817505,3.3552091550262406,3.2370318247135437,3.3269497043291913,1799677
SOUTHBANK,2006-03-17,3.298689126968384,3.3141036490943665,3.262722923655799,3.293551629580639,5535464
SOUTHBANK,2006-03-20,3.237032175064087,3.3192426330900378,3.2113416395309087,3.314104119990795,2956024
SOUTHBANK,2006-03-21,3.231893539428711,3.2935519726829683,3.2139107742262074,3.272999274373936,3071411
SOUTHBANK,2006-03-22,3.190788507461548,3.40402154742223,3.1650979754145028,3.252446258032433,4522882
SOUTHBANK,2006-03-23,3.20363450050354,3.3089669237777497,3.1907892315649695,3.211341932528445,2410198
SOUTHBANK,2006-03-24,3.1728053092956543,3.27813737837084,3.162529298689547,3.234462726240909,1735465
SOUTHBANK,2006-03-27,3.1599605083465576,3.283275698751638,3.1214240249996164,3.1830817893657577,5260956
SOUTHBANK,2006-03-28,3.1342697143554688,3.2318943800617514,3.108579173114091,3.2318943800617514,3176773
SOUTHBANK,2006-03-29,3.1471152305603027,3.183081780375431,3.1291314481619366,3.134269285044668,1302099
SOUTHBANK,2006-03-30,3.1419758796691895,3.175373840469412,3.1214231843068645,3.1471143918368822,2156127
SOUTHBANK,2006-03-31,3.1471152305603027,3.216479750076395,3.113717260859339,3.113717260859339,2103474
SOUTHBANK,2006-04-03,3.2087724208831787,3.231893700139843,3.1702362788010507,3.1702362788010507,1684110
SOUTHBANK,2006-04-04,3.2396011352539062,3.272999099053519,3.1805126382712934,3.2139106020709063,2311215
SOUTHBANK,2006-04-05,3.2807071208953857,3.339795628526501,3.2139111812586796,3.260154419983414,3348391
SOUTHBANK,2006-04-07,3.2139110565185547,3.3372262422226,3.201065111456352,3.3372262422226,2780029
SOUTHBANK,2006-04-10,3.1805126667022705,3.2370319078755303,3.1522522002977786,3.2370319078755303,1073023
SOUTHBANK,2006-04-12,3.1805126667022705,3.226755897506757,3.1599599693104343,3.18565016439594,1654669
SOUTHBANK,2006-04-13,3.116285800933838,3.1856499661701205,3.0854560801101614,3.159959772683177,1824643
SOUTHBANK,2006-04-17,3.1137170791625977,3.159960315026332,3.103440391015212,3.108578565925314,1517160
SOUTHBANK,2006-04-18,3.1137170791625977,3.219048480674548,3.108578565925314,3.177943758048097,2085232
SOUTHBANK,2006-04-19,3.067473888397217,3.134269148229026,3.034075920154125,3.129131311570569,1864620
SOUTHBANK,2006-04-20,3.0880260467529297,3.1137172611320465,3.059766590586625,3.0983027355008974,1132001
SOUTHBANK,2006-04-21,3.0597662925720215,3.106009188307108,3.026368326121022,3.106009188307108,1465031
SOUTHBANK,2006-04-24,3.0392134189605713,3.0880259121682263,3.031506663971681,3.05719720057673,857507
SOUTHBANK,2006-04-25,3.123993158340454,3.3911769061458577,3.023799252913428,3.067473909759145,3348929
SOUTHBANK,2006-04-26,3.1291308403015137,3.1805125824195013,3.09573287708839,3.1342686761861764,1197055
SOUTHBANK,2006-04-27,3.13683819770813,3.172805420232126,3.095733138865013,3.15739089629327,1637864
SOUTHBANK,2006-04-28,3.252446413040161,3.275568028315301,2.95700291212877,3.0880255114636106,3349109
SOUTHBANK,2006-05-02,3.4656801223754883,3.7508473288895345,3.3963149250288676,3.442558841029558,17237724
SOUTHBANK,2006-05-03,3.5067849159240723,3.6095473890424934,3.493939649075163,3.5247683571779747,10008869
SOUTHBANK,2006-05-04,3.4220056533813477,3.5196302934929857,3.4168671404875592,3.5196302934929857,3170587
SOUTHBANK,2006-05-05,3.4733872413635254,3.4939399406989424,3.406591306850598,3.4425585306875774,3267291
SOUTHBANK,2006-05-08,3.522200107574463,3.699465974042841,3.499078149200384,3.5967028047679537,5216933
SOUTHBANK,2006-05-09,3.5170609951019287,3.588995438176855,3.499077553496775,3.5684427401554473,3554475
SOUTHBANK,2006-05-10,3.6223933696746826,3.7046034843429205,3.5453207528097996,3.5684427070328404,14875595
SOUTHBANK,2006-05-11,3.5941333770751953,3.8356269318068485,3.550459395911067,3.750847211228537,8717195
SOUTHBANK,2006-05-12,3.637808084487915,3.730294561540109,3.5196307314061115,3.5941334260739772,7009016
SOUTHBANK,2006-05-15,3.491370439529419,3.6943268087761942,3.4502650437382365,3.6480835768382667,3966755
SOUTHBANK,2006-05-16,3.5427517890930176,3.586425759758817,3.3500707753051353,3.5376132768651405,3218863
SOUTHBANK,2006-05-17,3.6018409729003906,3.6480838702301837,3.5324757810877507,3.617255159234595,3466885
SOUTHBANK,2006-05-18,3.439988851547241,3.596701980584417,3.3449331362881156,3.596701980584417,4448217
SOUTHBANK,2006-05-19,3.2807071208953857,3.5967026982901373,3.1907892235691095,3.4939402087118854,3714466
SOUTHBANK,2006-05-22,3.0854568481445312,3.4939402625974267,2.6718366116932306,3.2807071714923244,3304078
SOUTHBANK,2006-05-23,3.237032175064087,3.288413584457617,2.9801251280964394,3.082888285210671,2960567
SOUTHBANK,2006-05-24,3.34493350982666,3.406591268817349,3.1959274562900135,3.285844669060629,2442193
SOUTHBANK,2006-05-25,3.3963143825531006,3.4322816038876174,2.998108398088882,3.275568128176533,1773371
SOUTHBANK,2006-05-26,3.475956678390503,3.5144921458269494,3.4194367522840023,3.445126951132569,3311314
SOUTHBANK,2006-05-29,3.380899667739868,3.493939499820881,3.252446328083756,3.48880132563538,904278
SOUTHBANK,2006-05-30,3.329519748687744,3.434851160901468,3.2781379943662903,3.391177177219056,1023145
SOUTHBANK,2006-05-31,3.3141043186187744,3.386038769739087,3.13683846250318,3.1728056880633364,1681003
SOUTHBANK,2006-06-01,3.224186658859253,3.337225818480271,3.1856501818745504,3.288413331070414,1520999
SOUTHBANK,2006-06-02,3.3218114376068115,3.3808999379722593,3.082888179683344,3.2139107860682965,2151294
SOUTHBANK,2006-06-05,3.237032175064087,3.3757625555828104,3.195927453541871,3.3757625555828104,752835
SOUTHBANK,2006-06-06,3.1599605083465576,3.206203747039363,3.046921330063165,3.116286526429576,2020316
SOUTHBANK,2006-06-07,3.067473888397217,3.1445458365275005,2.9801252519684582,3.0597664567551575,2525999
SOUTHBANK,2006-06-08,2.9415886402130127,3.031506529318274,2.569073169368693,2.9878318747098196,3830309
SOUTHBANK,2006-06-09,2.9621410369873047,3.0160920356070076,2.743769647027221,2.7745985232671577,1994134
SOUTHBANK,2006-06-12,2.9313125610351562,3.021229771400542,2.8311186630645153,2.8311186630645153,872269
SOUTHBANK,2006-06-13,2.908190965652466,2.946727449374704,2.7283558460271187,2.8388257686105254,2153103
SOUTHBANK,2006-06-14,2.8619470596313477,3.031506127525044,2.7745984386458944,3.031506127525044,1194997
SOUTHBANK,2006-06-15,2.895345449447632,2.9544339525688774,2.8465332959980407,2.900483962610636,1149745
SOUTHBANK,2006-06-16,2.8979146480560303,3.0289372579305556,2.8542406703159684,3.0289372579305556,1582172
SOUTHBANK,2006-06-19,2.890207290649414,2.974986668420231,2.8696552678464173,2.974986668420231,541517
SOUTHBANK,2006-06-20,2.895345449447632,2.910759973955113,2.856809307342518,2.859378225596843,616693
SOUTHBANK,2006-06-21,2.8876378536224365,2.9672797282069285,2.8696550885388343,2.9672797282069285,1928777
SOUTHBANK,2006-06-22,2.892775535583496,2.9801244879455444,2.885068782571613,2.9338812632574425,2165641
SOUTHBANK,2006-06-23,2.890207290649414,2.9261741763726046,2.810565918579346,2.9261741763726046,1699452
SOUTHBANK,2006-06-26,2.828549861907959,2.928743776007341,2.8028594920679635,2.9236056005411766,1374127
SOUTHBANK,2006-06-27,2.787444829940796,2.8696552900799848,2.759184360477209,2.8285495525196183,883827
SOUTHBANK,2006-06-28,2.795151472091675,2.8002898159522096,2.7514774946583422,2.7745987733038704,561485
SOUTHBANK,2006-06-29,2.8456785678863525,2.914568579722364,2.8218326628014387,2.8297810070522638,457282
SOUTHBANK,2006-06-30,2.8774735927581787,2.9225173463299727,2.850977893154462,2.8748246683237513,701894
SOUTHBANK,2006-07-03,2.8562772274017334,2.9437144117825933,2.840379668538419,2.91456821841173,983016
SOUTHBANK,2006-07-04,2.843029022216797,2.9013207198952222,2.8324308806627956,2.8748250170772334,645277
SOUTHBANK,2006-07-05,2.8456785678863525,2.885423080604282,2.8350804266189438,2.8483283649029367,441720
SOUTHBANK,2006-07-06,2.8456785678863525,2.8668757227536092,2.824482285351535,2.8483283649029367,811330
SOUTHBANK,2006-07-07,2.9172184467315674,2.9887580871126036,2.835080664195012,2.8615765429833178,1838839
SOUTHBANK,2006-07-10,3.20072603225708,3.248418886056808,2.97285990382164,2.97285990382164,7148251
SOUTHBANK,2006-07-11,3.441840171813965,3.4921828184287254,3.224572550247753,3.2272219979434604,17432678
SOUTHBANK,2006-07-12,3.3332061767578125,3.3782499325639903,3.2855133219193275,3.34380501541776,2635504
SOUTHBANK,2006-07-13,3.4709861278533936,3.497482703260433,3.1954274661211883,3.32525810351157,6674467
SOUTHBANK,2006-07-14,3.3914976119995117,3.470985581033127,3.259017547299175,3.470985581033127,828025
SOUTHBANK,2006-07-17,3.3703010082244873,3.4020961295802414,3.3279077457054633,3.346454928907401,1484046
SOUTHBANK,2006-07-18,3.2298717498779297,3.433891781209501,3.206024976281926,3.433891781209501,1017580
SOUTHBANK,2006-07-19,3.0761945247650146,3.309359888228009,3.052347749926356,3.309359888228009,806497
SOUTHBANK,2006-07-20,3.1556830406188965,3.2537181981551915,3.131836264292464,3.1768800200499654,565600
SOUTHBANK,2006-07-21,3.081493616104126,3.1795298205504587,3.047048698956063,3.1609822890607635,518677
SOUTHBANK,2006-07-24,3.1821789741516113,3.2749155965602523,2.949013566311841,3.017903409343228,5343368
SOUTHBANK,2006-07-25,3.20072603225708,3.365002270514471,3.1424350378941535,3.3305573541184557,1857453
SOUTHBANK,2006-07-26,3.158332347869873,3.229871975795986,3.137135369383181,3.137135369383181,767114
SOUTHBANK,2006-07-27,3.1530327796936035,3.227221847851025,3.1344852509545666,3.2033750750341077,697365
SOUTHBANK,2006-07-28,3.2086751461029053,3.2855133243479653,3.102690597687644,3.1530332494615694,2162949
SOUTHBANK,2006-07-31,3.2722651958465576,3.3120093513302,3.2325206914300124,3.2802142363030273,1215807
SOUTHBANK,2006-08-01,3.2086751461029053,3.2325212246068147,3.1901279635334467,3.195427208400858,453112
SOUTHBANK,2006-08-02,3.22457218170166,3.2404695639247936,3.1954265157154027,3.1954265157154027,493517
SOUTHBANK,2006-08-03,3.227221727371216,3.274914573358747,3.2113243446639688,3.2351704187248393,677549
SOUTHBANK,2006-08-04,3.372950553894043,3.4391905886605048,3.282863743721391,3.282863743721391,3448022
SOUTHBANK,2006-08-07,3.3438050746917725,3.4179938062298745,3.3199582979168496,3.40474586830278,1162270
SOUTHBANK,2006-08-08,3.388848304748535,3.410045283467292,3.343804899437651,3.343804899437651,1175651
SOUTHBANK,2006-08-09,3.407395839691162,3.4391909621305476,3.383549759561361,3.391498104004977,813664
SOUTHBANK,2006-08-10,3.3861989974975586,3.4365413058333583,3.33850613741817,3.417994121239485,1122431
SOUTHBANK,2006-08-11,3.3808999061584473,3.4444904989108536,3.349104784248733,3.349104784248733,1279439
SOUTHBANK,2006-08-14,3.4232938289642334,3.4444908114493527,3.3914983552365543,3.4444908114493527,909083
SOUTHBANK,2006-08-16,3.518678903579712,3.539875531122041,3.436540445271702,3.4444898348492834,2882104
SOUTHBANK,2006-08-17,3.5478248596191406,3.571670936689168,3.5001320076132068,3.51867918906741,2886344
SOUTHBANK,2006-08-18,3.561072587966919,3.5822695649205523,3.4974820060389384,3.576969971749225,1551461
SOUTHBANK,2006-08-21,3.6352622509002686,3.706801187446952,3.5504750271317036,3.5504750271317036,4851894
SOUTHBANK,2006-08-22,3.8154351711273193,3.8392819462631897,3.611415126621483,3.611415126621483,12212707
SOUTHBANK,2006-08-23,3.6829545497894287,3.9108206589205503,3.656458328293753,3.7889390868392097,4745593
SOUTHBANK,2006-08-24,3.70945143699646,3.746546157236905,3.6167155087278924,3.6220140566104906,2204113
SOUTHBANK,2006-08-25,3.8074870109558105,3.8790263061212724,3.6644084206248864,3.7332982673470454,6372714
SOUTHBANK,2006-08-28,3.7544946670532227,3.8419313371540067,3.738597280998336,3.8419313371540067,1341579
SOUTHBANK,2006-08-29,3.7253482341766357,3.8101354468932964,3.709450500942413,3.7544942529058423,757710
SOUTHBANK,2006-08-30,3.6909031867980957,3.757143216151299,3.667057111206543,3.725348099762978,1056535
SOUTHBANK,2006-08-31,3.6432106494903564,3.7094506845115687,3.6193645718583496,3.667057424988258,828536
SOUTHBANK,2006-09-01,3.611414909362793,3.6564583112287594,3.5822695892529572,3.614064705966455,427980
SOUTHBANK,2006-09-04,3.5902183055877686,3.741245910780298,3.566372227272743,3.6564586914392385,3073137
SOUTHBANK,2006-09-05,3.4815847873687744,3.616714649524344,3.444490075940721,3.553123366714746,1323448
SOUTHBANK,2006-09-06,3.5239787101745605,3.5504752865543483,3.444490725700203,3.494833034449596,1010924
SOUTHBANK,2006-09-07,3.5080811977386475,3.5398766727053057,3.4921838091883415,3.5239789352219764,397186
SOUTHBANK,2006-09-08,3.5080811977386475,3.656459383050339,3.486884214427542,3.5345777758105528,771836
SOUTHBANK,2006-09-11,3.44978928565979,3.534576847707825,3.4444900412234793,3.508080276593341,1123674
SOUTHBANK,2006-09-12,3.4921834468841553,3.5186796732741286,3.4444905883151913,3.447140385420682,1072305
SOUTHBANK,2006-09-13,3.5345771312713623,3.6087658614656797,3.5027813131697294,3.5504748658556986,1511429
SOUTHBANK,2006-09-14,3.5398752689361572,3.5902175609368125,3.526627334086815,3.563722040171013,1138394
SOUTHBANK,2006-09-15,3.5239787101745605,3.5690224713005985,3.502781728217131,3.5080809737064884,804563
SOUTHBANK,2006-09-18,3.6856043338775635,3.804836806803433,3.513379767073393,3.523977906702716,12067464
SOUTHBANK,2006-09-19,3.5557730197906494,3.788939070053801,3.523977903069617,3.7094504059189166,4335053
SOUTHBANK,2006-09-20,3.521328926086426,3.5955183632139125,3.4974828446949515,3.52397872330748,2231828
SOUTHBANK,2006-09-21,3.5478248596191406,3.595517711625074,3.521328287942383,3.521328287942383,1637021
SOUTHBANK,2006-09-22,3.6379106044769287,3.6962022886540153,3.5345765674281666,3.566371682591855,3877687
SOUTHBANK,2006-09-25,3.545175790786743,3.6564592512940286,3.526628605524364,3.6379117170986386,2046595
SOUTHBANK,2006-09-26,3.5849196910858154,3.6352619925795353,3.534577040659144,3.545175181177382,1996233
SOUTHBANK,2006-09-27,3.598167896270752,3.62731322103159,3.566372425550421,3.6246634240050737,1724183
SOUTHBANK,2006-09-28,3.6962034702301025,3.749195927331343,3.622014030288366,3.622014030288366,6244001
SOUTHBANK,2006-09-29,3.6856043338775635,3.7253481425865984,3.62996244339224,3.6962024735068866,5108478
SOUTHBANK,2006-10-03,3.698852777481079,3.7809905517058318,3.6564588174169725,3.7094509185641362,4727614
SOUTHBANK,2006-10-04,3.624662160873413,3.7544934466043336,3.6087647799861853,3.720048539793914,1695116
SOUTHBANK,2006-10-05,3.6591086387634277,3.685605215439693,3.6326131088861775,3.6670580304859133,2098185
SOUTHBANK,2006-10-06,3.648510217666626,3.7041521172070873,3.6379113784466095,3.659108359020686,1267770
SOUTHBANK,2006-10-09,3.7226991653442383,3.8021878470565014,3.550475258499495,3.550475258499495,3452551
SOUTHBANK,2006-10-10,3.698852777481079,3.7624430197113004,3.6856048394275307,3.7624430197113004,1632050
SOUTHBANK,2006-10-11,3.6511595249176025,3.709450515810871,3.6326123438697993,3.698852375878506,1266666
SOUTHBANK,2006-10-12,3.6617581844329834,3.7094510421612368,3.643211000753438,3.68030571704551,2462437
SOUTHBANK,2006-10-13,3.7359471321105957,3.788939228145332,3.6723558492164536,3.6723558492164536,3927841
SOUTHBANK,2006-10-16,3.963813543319702,3.9770614822425716,3.794238738734798,3.794238738734798,19783139
SOUTHBANK,2006-10-17,4.067147731781006,4.239372309264367,3.979710719120132,4.019454879226519,52871383
SOUTHBANK,2006-10-18,4.090994834899902,4.173132609534715,3.926718587764335,4.173132609534715,15053316
SOUTHBANK,2006-10-19,4.003558158874512,4.104243125305736,3.987660422406529,4.0803963461372605,4189645
SOUTHBANK,2006-10-20,3.9664623737335205,4.128088096425896,3.9479148450424297,4.022104261940978,5135115
SOUTHBANK,2006-10-23,3.955864429473877,3.9982576862105597,3.9346674521726115,3.971761813516902,1940666
SOUTHBANK,2006-10-26,3.961163282394409,3.9876598550038613,3.9161202255437857,3.955864735525012,2746514
SOUTHBANK,2006-10-27,3.998257637023926,4.0327025502482785,3.9532145842122435,3.9797104565799484,2742689
SOUTHBANK,2006-10-30,4.072447776794434,4.130738776097535,3.9664632217836604,3.9744122640459327,5462939
SOUTHBANK,2006-10-31,3.958514451980591,4.186380226306871,3.929368083128837,4.133388128962838,2364614
SOUTHBANK,2006-11-01,3.902872085571289,4.0221045625266765,3.8763758632702254,3.95851432686999,1551834
SOUTHBANK,2006-11-02,3.844580888748169,3.942616400414638,3.8392823414754256,3.8949235430993228,1121934
SOUTHBANK,2006-11-03,3.826033592224121,3.8684275520815747,3.7915886743064244,3.847230572152848,1172572
SOUTHBANK,2006-11-06,3.7703921794891357,3.8631280891120228,3.7624427890649774,3.8631280891120228,791390
SOUTHBANK,2006-11-07,3.844580888748169,3.8816756047190637,3.7174000522183204,3.7889396871242718,1584934
SOUTHBANK,2006-11-08,3.786289691925049,3.86047842211806,3.76509271247964,3.8445806875340036,604928
SOUTHBANK,2006-11-09,3.8578286170959473,3.958514618182545,3.775690845317418,3.78628968395076,1589753
SOUTHBANK,2006-11-10,3.794238567352295,3.841931424466774,3.7703924877280324,3.8207347929342146,764656
SOUTHBANK,2006-11-13,3.7703921794891357,3.86047829230397,3.7571435443818197,3.7942382571639226,1336152
SOUTHBANK,2006-11-14,3.757143974304199,3.810136078266606,3.73064809678949,3.7783409554623573,1293690
SOUTHBANK,2006-11-15,3.778341054916382,3.802187833813502,3.738597586531173,3.7518451767042444,1123232
SOUTHBANK,2006-11-16,3.7809901237487793,3.8525297487931547,3.762442593853578,3.79158826363227,2230350
SOUTHBANK,2006-11-17,3.7253482341766357,3.7995373070034115,3.712100297614582,3.7889391671135266,1058234
SOUTHBANK,2006-11-20,3.70945143699646,3.7359480146726534,3.6379117938563956,3.7359480146726534,826078
SOUTHBANK,2006-11-21,3.778341054916382,3.8313335092066514,3.741246336913193,3.757144073200274,1227697
SOUTHBANK,2006-11-22,3.910820245742798,3.9744111706140455,3.7809896464628823,3.788938686538231,2723757
SOUTHBANK,2006-11-23,3.921419858932495,3.9956082391793037,3.8763761037597155,3.9638131193783988,2743476
SOUTHBANK,2006-11-24,3.9479150772094727,3.974411648021487,3.8710769060924406,3.910820715511679,1615245
SOUTHBANK,2006-11-27,3.9532151222229004,4.011506119151517,3.818085247531585,3.818085247531585,1463415
SOUTHBANK,2006-11-28,3.8790252208709717,3.9744116189376686,3.815434986692358,3.815434986692358,990128
SOUTHBANK,2006-11-29,3.995607852935791,4.027403318596078,3.8843247699235497,3.8975727061488756,3412133
SOUTHBANK,2006-11-30,4.003558158874512,4.0803963461372605,3.982361176917201,4.0300536884551486,2024735
SOUTHBANK,2006-12-01,4.223474979400635,4.23937236450398,4.0274036241522495,4.030053072025157,14911028
SOUTHBANK,2006-12-04,4.2314229011535645,4.302962522718029,4.165182872672452,4.186379849274206,7975835
SOUTHBANK,2006-12-05,4.281765937805176,4.430144438657964,4.21287610648046,4.21287610648046,12836650
SOUTHBANK,2006-12-06,4.281765937805176,4.385100684792251,4.21287610648046,4.308262509914145,7675960
SOUTHBANK,2006-12-07,4.257919788360596,4.316210780496474,4.223474873280573,4.292364703440619,3499847
SOUTHBANK,2006-12-08,4.234073638916016,4.273817804412847,4.138687920870013,4.265868761953686,3447995
SOUTHBANK,2006-12-11,4.072447776794434,4.2340735340432225,4.024754918952725,4.2340735340432225,5580122
SOUTHBANK,2006-12-12,3.9002230167388916,4.072447606096176,3.264317109060429,4.030053297362667,3470848
SOUTHBANK,2006-12-13,4.0062079429626465,4.053900454344368,3.8048376618268205,3.8260339458486965,1886728
SOUTHBANK,2006-12-14,4.083045959472656,4.104242940475383,3.9744123041661457,4.000908181486569,910878
SOUTHBANK,2006-12-15,4.12808895111084,4.20757762853101,4.106892668331421,4.1121912156268055,1437468
SOUTHBANK,2006-12-18,4.2446722984313965,4.287065561394487,4.093644685310375,4.133388500188138,2230433
SOUTHBANK,2006-12-19,4.268517971038818,4.416895772995233,4.18902999992868,4.212876077222073,4291997
SOUTHBANK,2006-12-20,4.287065029144287,4.393049569125661,4.2552699114029275,4.393049569125661,2999342
SOUTHBANK,2006-12-21,4.448691368103027,4.5493766615285125,4.252620025586711,4.292364532563072,8401109
SOUTHBANK,2006-12-22,4.554675102233887,4.583821468797064,4.358604462136348,4.509632049834661,5136110
SOUTHBANK,2006-12-26,4.544076919555664,4.58647052391263,4.504332762812859,4.557324855492294,2060183
SOUTHBANK,2006-12-27,4.477837562561035,4.610317988596543,4.446042441757656,4.610317988596543,1652805
SOUTHBANK,2006-12-28,4.517580032348633,4.557324535231351,4.480486372625445,4.525529421431221,2381599
SOUTHBANK,2006-12-29,4.514931678771973,4.5573249349350196,4.477836968996698,4.5043328413318315,1834185
SOUTHBANK,2007-01-02,4.6182661056518555,4.673907294215446,4.472537073010176,4.583821194801837,2541963
SOUTHBANK,2007-01-03,4.822286605834961,4.848783182645311,4.612967975802479,4.673908776520859,5788292
SOUTHBANK,2007-01-04,4.732199668884277,4.899125003643236,4.69245515939606,4.848782353748834,4078966
SOUTHBANK,2007-01-05,4.872628688812256,4.901775059434264,4.742798059880538,4.763995039678764,3745812
SOUTHBANK,2007-01-08,4.954766750335693,5.00775814865102,4.785191972769265,4.8752780826644875,4115601
SOUTHBANK,2007-01-09,4.9971604347229,5.071349864209625,4.901775072181725,5.026306107554774,8064695
SOUTHBANK,2007-01-10,4.877928256988525,5.0316053129168985,4.875278460061228,5.018357375079306,2164302
SOUTHBANK,2007-01-11,5.267419815063477,5.34690778082685,4.87527783475688,4.901774404899537,5500348
SOUTHBANK,2007-01-12,5.280667781829834,5.511184035359248,5.222376792696162,5.346907811838991,7537208
SOUTHBANK,2007-01-15,5.132289886474609,5.5906718899084895,5.1137423574242495,5.402549594318335,13216023
SOUTHBANK,2007-01-16,5.145537853240967,5.278018967189011,5.113742734826376,5.278018967189011,3423180
SOUTHBANK,2007-01-17,5.219727039337158,5.346907856136443,5.145537618904958,5.219727039337158,4278436
SOUTHBANK,2007-01-18,5.296566009521484,5.41579850125264,5.246223704310243,5.264770887752962,5330180
SOUTHBANK,2007-01-19,5.209129333496094,5.370755077348247,5.193231599222242,5.315113181856244,1510200
SOUTHBANK,2007-01-22,5.203829288482666,5.325711201306371,5.179982516272617,5.27006931437109,2405185
SOUTHBANK,2007-01-23,5.153487205505371,5.320412186584682,5.14023926867465,5.299215208509178,3606784
SOUTHBANK,2007-01-24,5.140239715576172,5.230325833430497,5.113743141745196,5.177333732567448,2867329
SOUTHBANK,2007-01-25,5.307164669036865,5.376054499762495,5.14818768029618,5.21707751102181,1834752
SOUTHBANK,2007-01-29,5.232975959777832,5.452893419008676,5.193232143328586,5.299216002792899,2319763
SOUTHBANK,2007-01-31,5.193231582641602,5.299215430663372,5.153487421550342,5.299215430663372,2920355
SOUTHBANK,2007-02-01,5.201179504394531,5.272719123328743,5.156136454171243,5.206478748350136,1207715
SOUTHBANK,2007-02-02,5.214427947998047,5.317762691803649,5.195880417879399,5.267420043785628,2309075
SOUTHBANK,2007-02-05,5.3760552406311035,5.405200566488342,5.1455385926364965,5.285968070201228,3227397
SOUTHBANK,2007-02-06,5.267419815063477,5.495286270668459,5.219726965818869,5.384002490520483,2685134
SOUTHBANK,2007-02-07,5.275369644165039,5.344259480671301,5.225027339743518,5.317763255502365,1734954
SOUTHBANK,2007-02-08,5.262120723724365,5.405199982969151,5.246223338415347,5.30981427538323,1939893
SOUTHBANK,2007-02-09,5.19588041305542,5.426396675043307,5.172034336352729,5.323061931333642,5302756
SOUTHBANK,2007-02-12,5.156136989593506,5.331010662556044,5.108444137973456,5.235624959315944,2918836
SOUTHBANK,2007-02-13,5.185283184051514,5.267420964323359,5.140240121566724,5.140240121566724,1520405
SOUTHBANK,2007-02-14,5.201179504394531,5.219726683772698,4.938868498790155,5.140238722304429,3444584
SOUTHBANK,2007-02-15,5.148187637329102,5.357506924520031,5.140239293911171,5.1932313904271625,1157299
SOUTHBANK,2007-02-19,5.1826324462890625,5.2462230305928115,5.1481875319189925,5.1481875319189925,2232849
SOUTHBANK,2007-02-20,5.336310386657715,5.436995343452667,5.243574471802476,5.2462235708941,5749489
SOUTHBANK,2007-02-21,5.315113544464111,5.4025505655359956,5.219727830179501,5.309814648277612,1767115
SOUTHBANK,2007-02-22,5.246224403381348,5.315114250148011,5.2038311346629715,5.315114250148011,6076484
SOUTHBANK,2007-02-23,5.248873233795166,5.299215536440412,5.1693849100259905,5.291267192569637,4060573
SOUTHBANK,2007-02-26,5.418447017669678,5.611868546391009,5.225026186814134,5.2833171714576395,5620748
SOUTHBANK,2007-02-27,5.407849311828613,5.5906720185249625,5.373404398418256,5.458191958105195,2680383
SOUTHBANK,2007-02-28,5.134939193725586,5.283317328474992,4.6368126981905515,5.283317328474992,2143492
SOUTHBANK,2007-03-01,5.145537853240967,5.283317862813993,5.100494797898041,5.140239306548925,897000
SOUTHBANK,2007-03-02,5.052802562713623,5.219727553875591,4.981262931854107,5.187932433774773,997088
SOUTHBANK,2007-03-05,4.7480974197387695,5.06075076275474,4.586470980142995,5.06075076275474,2397908
SOUTHBANK,2007-03-06,4.856730937957764,4.952117346735424,4.724250861454352,4.952117346735424,1638651
SOUTHBANK,2007-03-07,4.639462947845459,4.9282702050552265,4.610317626277088,4.9282702050552265,2362557
SOUTHBANK,2007-03-08,4.832884788513184,4.848782523077059,4.679207734527934,4.684506979382559,1412115
SOUTHBANK,2007-03-09,4.888526916503906,4.92827037962634,4.769294433538901,4.87527828128621,1328019
SOUTHBANK,2007-03-12,4.846132755279541,4.941518465369572,4.771943675802317,4.915022589870324,1109865
SOUTHBANK,2007-03-13,4.72689962387085,4.869978507857566,4.705702299848704,4.843481940063105,662994
SOUTHBANK,2007-03-14,4.72160005569458,4.742797030893957,4.557324544698075,4.615616226496362,2471592
SOUTHBANK,2007-03-15,4.71895170211792,4.795790225945899,4.716301905333261,4.721600801036689,583897
SOUTHBANK,2007-03-16,4.7427978515625,4.769294424079438,4.7163019769114625,4.718951773736337,311791
SOUTHBANK,2007-03-19,4.798439025878906,4.848781668660354,4.756045074512256,4.756045074512256,604707
SOUTHBANK,2007-03-20,4.809037208557129,4.859379851796771,4.777242093675656,4.846131916340565,1571636
SOUTHBANK,2007-03-21,4.88057804107666,4.928270899722663,4.769294936857978,4.872628998680335,1435839
SOUTHBANK,2007-03-22,4.925620079040527,5.013057433632194,4.875277782679161,4.975962724334808,1249418
SOUTHBANK,2007-03-23,5.105794906616211,5.153487763517267,4.877928414430318,4.9017751918138215,1987907
SOUTHBANK,2007-03-26,5.172034740447998,5.325712144135885,4.8752784228345565,4.8752784228345565,1671944
SOUTHBANK,2007-03-28,5.145537853240967,5.24622315090854,5.03690456106886,5.172034424963515,1497358
SOUTHBANK,2007-03-29,5.193231582641602,5.2356251916369,5.145538031039368,5.185282541063579,1338942
SOUTHBANK,2007-03-30,5.230326175689697,5.262121298714931,5.195881255534783,5.195881255534783,838934
SOUTHBANK,2007-04-02,4.883228302001953,5.137590704184299,4.816988253027935,4.816988253027935,2975135
SOUTHBANK,2007-04-03,4.9282708168029785,4.978613471711721,4.880577958959423,4.885877553089798,390861
SOUTHBANK,2007-04-04,5.034255027770996,5.050152762276706,4.954767053108365,4.954767053108365,557452
SOUTHBANK,2007-04-05,5.042203903198242,5.0872480124459605,5.007758982604331,5.050153294688598,666101
SOUTHBANK,2007-04-09,5.036904335021973,5.140239075864566,5.002459421407774,5.060750411063044,534792
SOUTHBANK,2007-04-10,5.0475029945373535,5.103144891162139,4.9812629571138585,5.044853197637956,977617
SOUTHBANK,2007-04-11,5.007758140563965,5.113742681688147,4.957415841186237,5.044852852083956,1413192
SOUTHBANK,2007-04-12,4.9892120361328125,5.058101870970096,4.954767118714171,4.9865622392136295,720149
SOUTHBANK,2007-04-13,4.991860866546631,5.063400494453157,4.965364992378465,5.055451801989296,1289699
SOUTHBANK,2007-04-16,4.986562252044678,5.081947962721455,4.970664866220524,5.068700024890339,1213888
SOUTHBANK,2007-04-17,5.039554595947266,5.087247450289242,4.986562147864007,5.079298059677319,1168332
SOUTHBANK,2007-04-18,5.034255027770996,5.060750903014221,5.010408251545953,5.036904824655093,1002570
SOUTHBANK,2007-04-19,5.042203903198242,5.060751436543421,4.981263453500777,5.031605761343419,831436
SOUTHBANK,2007-04-20,5.066050052642822,5.113742906330698,5.03425493316189,5.0422032768659335,1134597
SOUTHBANK,2007-04-23,4.98126220703125,5.272719235032484,4.938868603421195,5.272719235032484,4649262
SOUTHBANK,2007-04-24,5.299215793609619,5.325712368062493,5.0342552830755185,5.0342552830755185,5635744
SOUTHBANK,2007-04-25,5.452893257141113,5.511184953855545,5.304515439576042,5.304515439576042,3256837
SOUTHBANK,2007-04-26,5.301865577697754,5.537680762984317,5.27272025309641,5.511184886462014,1404230
SOUTHBANK,2007-04-27,5.410499095916748,5.43169537515681,5.304514559320147,5.357506653151987,1673325
SOUTHBANK,2007-04-30,5.5641770362854,5.694007312725512,5.259472030236199,5.299215493936092,2548826
SOUTHBANK,2007-05-03,5.717853546142578,5.794692065112985,5.590672031842744,5.712554301841213,2863794
SOUTHBANK,2007-05-04,5.633066654205322,5.855632833869751,5.617168222535002,5.770845618111985,997861
SOUTHBANK,2007-05-07,5.5880231857299805,5.813240234514361,5.564177454650065,5.813240234514361,770331
SOUTHBANK,2007-05-08,5.548279285430908,5.638365400038257,5.516483467766348,5.588022749013026,708108
SOUTHBANK,2007-05-09,5.580074310302734,5.617168325325996,5.516483373921318,5.537680352715124,1421823
SOUTHBANK,2007-05-10,5.5641770362854,5.633066869808402,5.537680463330922,5.59067256244101,869120
SOUTHBANK,2007-05-11,5.569475173950195,5.588022354935841,5.537680056393794,5.537680056393794,852619
SOUTHBANK,2007-05-14,5.556227207183838,5.6701600891524455,5.537680026298988,5.622467238610566,663712
SOUTHBANK,2007-05-15,5.6118693351745605,5.6701603280112325,5.564176831556535,5.569475378299972,1289727
SOUTHBANK,2007-05-16,5.638365268707275,5.723152834417028,5.56682564019397,5.664861840966066,1987078
SOUTHBANK,2007-05-17,5.574775218963623,5.670160579360905,5.56417707820812,5.646314500961304,1492331
SOUTHBANK,2007-05-18,5.296566009521484,5.611869872712596,5.278019523944718,5.574775505827158,3700008
SOUTHBANK,2007-05-21,5.399900436401367,5.537680094264861,5.3787041564627165,5.402549884160465,1858890
SOUTHBANK,2007-05-22,5.405200958251953,5.44759422601383,5.360157893171824,5.405200958251953,897829
SOUTHBANK,2007-05-23,5.397251605987549,5.460842550785883,5.365456482521377,5.391952709520683,856747
SOUTHBANK,2007-05-24,5.341609477996826,5.405199713933699,5.304514766611892,5.3972506727418885,393195
SOUTHBANK,2007-05-25,5.410499095916748,5.458191945472112,5.21972699982945,5.21972699982945,514603
SOUTHBANK,2007-05-28,5.399900436401367,5.482038201994471,5.33101060746962,5.458192125363788,599860
SOUTHBANK,2007-05-29,5.333660125732422,5.402549955574798,5.2806680294535795,5.3840027742171435,633747
SOUTHBANK,2007-05-30,5.317762851715088,5.399900620102464,5.299215321038694,5.325711893128669,755017
SOUTHBANK,2007-05-31,5.338959693908691,5.405199726710389,5.2674200676779686,5.331010652698091,537664
SOUTHBANK,2007-06-01,5.471439361572266,5.508534070346971,5.315112532639713,5.33365971256061,1634867
SOUTHBANK,2007-06-04,5.482038497924805,5.511184518445837,5.431695847387956,5.511184518445837,1435659
SOUTHBANK,2007-06-05,5.458192348480225,5.4793893271512175,5.40784969860309,5.4714399367501745,4677059
SOUTHBANK,2007-06-06,5.460842132568359,5.511184785545061,5.4528930906108455,5.458192684537834,937281
SOUTHBANK,2007-06-07,5.291266918182373,5.458192249868273,5.246223164853835,5.458192249868273,1588953
SOUTHBANK,2007-06-08,5.29391622543335,5.3045143646644695,5.103144136346668,5.3045143646644695,926234
SOUTHBANK,2007-06-11,5.29391622543335,5.36015625305916,5.248872476269778,5.299214771649547,1231052
SOUTHBANK,2007-06-12,5.29391622543335,5.405199304356915,5.248872476269778,5.317762300403049,856375
SOUTHBANK,2007-06-13,5.299215793609619,5.325712368062493,5.270070468937194,5.293917246371591,1137939
SOUTHBANK,2007-06-14,5.304515361785889,5.352208218556216,5.272720240249995,5.352208218556216,1090105
SOUTHBANK,2007-06-15,5.495285987854004,5.537679590674881,5.378703667329817,5.394601050304583,2145246
SOUTHBANK,2007-06-18,5.527082920074463,5.776145708133042,5.513834981098218,5.58537392135654,1156829
SOUTHBANK,2007-06-19,5.505885601043701,5.521782987267454,5.4184482321481955,5.466141088685401,1026777
SOUTHBANK,2007-06-20,6.215980529785156,6.56572860569688,5.521782925088339,5.524432722051108,17212647
SOUTHBANK,2007-06-21,6.572524070739746,6.702244219389559,6.053640628934061,6.486043734372668,13358186
SOUTHBANK,2007-06-22,6.710352420806885,6.858990834129848,6.377942490029194,6.588738979414928,7656627
SOUTHBANK,2007-06-25,6.60225248336792,6.715757803941654,6.486044451789568,6.702244960720248,1590789
SOUTHBANK,2007-06-26,6.672515392303467,6.702242354588349,6.523876310070597,6.645489716369449,1186726
SOUTHBANK,2007-06-27,6.5671186447143555,6.6887320847649185,6.513067989646903,6.648194271414731,732370
SOUTHBANK,2007-06-28,6.542795181274414,6.713053842215493,6.46442298295733,6.631978221595784,1185290
SOUTHBANK,2007-06-29,6.891420841217041,6.972496472640984,6.575226448104981,6.645491947885622,2035906
SOUTHBANK,2007-07-02,7.429220676422119,7.767035246394212,6.923849464747402,6.958982561550086,8840081
SOUTHBANK,2007-07-03,7.180588722229004,7.59677692179753,7.094108399418081,7.494081049096031,3323314
SOUTHBANK,2007-07-04,7.218423843383789,7.377872346014763,7.037355084158542,7.213018423334506,3258439
SOUTHBANK,2007-07-05,7.245450496673584,7.675150129249787,7.080596551771937,7.2184248163871185,4391532
SOUTHBANK,2007-07-06,7.367064952850342,7.485975696464798,7.242749498981452,7.2697744738570025,2315068
SOUTHBANK,2007-07-09,7.583264350891113,7.642720420194641,7.385980729343687,7.431923958559842,3227604
SOUTHBANK,2007-07-10,7.294095039367676,7.888647849184201,7.140051238693131,7.64812444220344,14428710
SOUTHBANK,2007-07-11,7.564345836639404,7.610288348191774,7.185993480485932,7.288689343722324,3996996
SOUTHBANK,2007-07-12,8.153496742248535,8.215654818318482,7.621101164957988,7.621101164957988,14353037
SOUTHBANK,2007-07-13,8.242677688598633,8.642650268629037,8.177816923933575,8.234569559164472,5445982
SOUTHBANK,2007-07-16,8.245381355285645,8.485905493942761,8.161603740390316,8.258894195275898,3710779
SOUTHBANK,2007-07-17,8.061609268188477,8.369696160449005,7.956211401810452,8.358886743416639,2070719
SOUTHBANK,2007-07-18,8.00485897064209,8.145389250550435,7.950808315445334,8.053504204418365,1240249
SOUTHBANK,2007-07-19,7.915675640106201,8.085934323440364,7.84270742959109,8.053504640368446,1357432
SOUTHBANK,2007-07-20,7.902161598205566,8.053502692543788,7.677852311000363,7.9183764358197966,1436019
SOUTHBANK,2007-07-23,8.272405624389648,8.323753557851541,7.867028288755878,7.956211316831337,3848136
SOUTHBANK,2007-07-24,8.631842613220215,8.750753347164752,8.269704989770052,8.33997048817379,5327612
SOUTHBANK,2007-07-25,8.529145240783691,8.594006018119687,8.43185549838272,8.43185549838272,2608314
SOUTHBANK,2007-07-26,8.40753173828125,8.642651144261555,8.258893360616204,8.585897791479304,2252707
SOUTHBANK,2007-07-27,8.053503036499023,8.323754137886146,7.921078772520743,8.321051427567854,1981527
SOUTHBANK,2007-07-30,8.010261535644531,8.107552697595986,7.83730089355602,7.902161668190323,1083407
SOUTHBANK,2007-07-31,8.312947273254395,8.404832334280657,8.010264266890495,8.010264266890495,2491546
SOUTHBANK,2007-08-01,7.685959815979004,8.269703230055121,7.6238024632265935,8.269703230055121,1967511
SOUTHBANK,2007-08-02,7.683257579803467,7.850814235774222,7.596777253219695,7.675150160405227,2272302
SOUTHBANK,2007-08-03,7.485974311828613,7.837301767434599,7.4805696025738575,7.7832511158792315,3606355
SOUTHBANK,2007-08-06,7.512999057769775,7.804871143865969,7.296797881595615,7.358955951081187,1965274
SOUTHBANK,2007-08-07,7.721095561981201,7.818385333929715,7.6319117881081295,7.775145514375012,975988
SOUTHBANK,2007-08-08,8.31024169921875,8.434557115793105,7.729200286995395,7.780548222115785,5426884
SOUTHBANK,2007-08-09,7.923781871795654,8.377805196487847,7.8156819953756855,8.318349125574398,1586315
SOUTHBANK,2007-08-10,7.794060230255127,7.837300745863134,7.304904566695056,7.707579910840582,1188355
SOUTHBANK,2007-08-13,7.823788642883301,7.94540207062167,7.783250833637178,7.885946711967561,691731
SOUTHBANK,2007-08-14,7.799467086791992,7.945402786139249,7.753523852548183,7.8345994783416355,1321128
SOUTHBANK,2007-08-16,7.5778608322143555,7.669746593277914,7.36706433746912,7.461652097533348,2237434
SOUTHBANK,2007-08-17,7.507594108581543,7.6697453414273005,7.242747711828122,7.572454886440453,2151294
SOUTHBANK,2007-08-20,7.656231880187988,7.834597937124897,7.594073817733818,7.834597937124897,927988
SOUTHBANK,2007-08-21,7.294095039367676,7.707579794365238,7.1454559471617225,7.626504896527615,832292
SOUTHBANK,2007-08-22,7.121135711669922,7.561645557589272,6.923851340069771,7.453545663137032,1149966
SOUTHBANK,2007-08-23,7.0697855949401855,7.3967900242975295,7.026545080981665,7.350847512067682,623708
SOUTHBANK,2007-08-24,7.1886982917785645,7.2346408167599545,7.053572715855672,7.053572715855672,582654
SOUTHBANK,2007-08-27,7.502189636230469,7.556239574349089,7.318417426501924,7.429221436788637,475593
SOUTHBANK,2007-08-28,7.55894136428833,7.58056162365945,7.394088132236204,7.512998846975841,764863
SOUTHBANK,2007-08-29,7.580561637878418,7.6346122864076,7.350848339083577,7.367063177741571,3282066
SOUTHBANK,2007-08-30,7.785953521728516,7.891351398385115,7.6211002865883914,7.675150224227123,942100
SOUTHBANK,2007-08-31,8.22646427154541,8.539956624993888,7.891351657610616,8.539956624993888,6677753
SOUTHBANK,2007-09-03,8.439963340759277,8.496716706510544,8.269704667108696,8.372400555799931,2659573
SOUTHBANK,2007-09-04,8.507525444030762,8.588601776007774,8.269704004476901,8.46428563525832,1462587
SOUTHBANK,2007-09-05,8.542658805847168,8.648056688213273,8.485906154711694,8.58589932774176,1673463
SOUTHBANK,2007-09-06,8.575087547302246,8.612921925837238,8.41834105450656,8.46158085269039,948977
SOUTHBANK,2007-09-07,9.093972206115723,9.293958543232495,8.618329333752174,8.618329333752174,8565228
SOUTHBANK,2007-09-10,8.91290283203125,9.080458768151594,8.737239476902122,8.972358898965817,2865313
SOUTHBANK,2007-09-11,8.831827163696289,9.102078236810728,8.79939677867404,8.972358120324598,858957
SOUTHBANK,2007-09-12,8.848042488098145,9.620962080363375,8.761562168405932,8.972358614969577,3513394
SOUTHBANK,2007-09-13,8.802101135253906,9.118296228286427,8.756158611347422,8.918309868102394,1380313
SOUTHBANK,2007-09-14,8.669676780700684,8.993978526577967,8.54536064877675,8.864257685866754,1355554
SOUTHBANK,2007-09-17,8.815611839294434,8.86966177057019,8.729131522172354,8.729131522172354,1428700
SOUTHBANK,2007-09-18,8.802101135253906,9.161536753234852,8.756158611347422,8.864259211916862,6309331
SOUTHBANK,2007-09-19,8.799398422241211,9.06424483655447,8.769670029900354,9.06424483655447,2592365
SOUTHBANK,2007-09-20,8.704808235168457,8.89128170128437,8.675080560518053,8.89128170128437,5838156
SOUTHBANK,2007-09-21,8.658866882324219,8.837232242283847,8.55346829604621,8.55346829604621,1644216
SOUTHBANK,2007-09-24,8.710214614868164,8.891282680924181,8.58049306195397,8.810207778055062,2868723
SOUTHBANK,2007-09-25,8.59130573272705,8.858854891035145,8.394021362841801,8.729134022297737,1311904
SOUTHBANK,2007-09-26,8.358887672424316,8.699404277229927,8.242679664297091,8.648056337512779,4740028
SOUTHBANK,2007-09-27,8.59130573272705,8.664273232028206,8.364293678585346,8.377806521175245,5182963
SOUTHBANK,2007-09-28,8.837231636047363,8.912902538507469,8.458879259151246,8.542657580353138,2904737
SOUTHBANK,2007-10-01,9.250717163085938,9.339900193361345,8.815612140693935,8.907497881165968,6598131
SOUTHBANK,2007-10-03,9.21018123626709,9.456110100287592,9.080459672008265,9.456110100287592,3166071
SOUTHBANK,2007-10-04,8.880475044250488,9.188562014703228,8.812912255742763,9.145322200195139,2218847
SOUTHBANK,2007-10-05,9.296659469604492,9.350710109183005,8.89668687212771,8.94533209184767,3314462
SOUTHBANK,2007-10-08,9.002087593078613,9.45881222562894,8.70751278261746,9.242611039240229,2545636
SOUTHBANK,2007-10-09,9.158832550048828,9.196667647312683,8.71561937695366,8.996681319716302,1491489
SOUTHBANK,2007-10-10,9.012896537780762,9.658798776006206,8.875068270911424,9.239908554531885,5782893
SOUTHBANK,2007-10-11,8.972360610961914,9.134511157481658,8.812912063426333,9.069651081234086,1412695
SOUTHBANK,2007-10-12,9.148021697998047,9.291255379529959,8.961548210416158,8.961548210416158,2136808
SOUTHBANK,2007-10-15,9.16964340209961,9.348010210447615,9.091271196794628,9.348010210447615,1102464
SOUTHBANK,2007-10-16,9.129105567932129,9.269636560984626,9.080460333691128,9.242611589028874,1348939
SOUTHBANK,2007-10-17,8.737239837646484,8.91830862079179,8.539956215814131,8.91830862079179,1669445
SOUTHBANK,2007-10-18,8.55346965789795,8.97236064753624,8.380508979331628,8.904797148425839,1129115
SOUTHBANK,2007-10-19,8.145389556884766,8.591305521573716,8.107554452724926,8.591305521573716,1126864
SOUTHBANK,2007-10-22,8.339967727661133,8.43185417031522,7.896755332879813,8.16160239758453,370466
SOUTHBANK,2007-10-23,8.639948844909668,8.699403487000648,8.402127429339837,8.402127429339837,637696
SOUTHBANK,2007-10-24,8.737239837646484,9.026408494440808,8.550766345539339,8.861555261784074,612481
SOUTHBANK,2007-10-25,8.807504653930664,8.861554586637201,8.553467692445244,8.737239171970993,399313
SOUTHBANK,2007-10-26,9.150725364685059,9.32098403176766,8.672379755215267,8.810208742321436,2181756
SOUTHBANK,2007-10-29,8.945331573486328,9.34530414778562,8.918306611163809,9.188558369793096,1506320
SOUTHBANK,2007-10-30,8.729131698608398,9.080458394406293,8.661568927247378,8.972358529669831,1755185
SOUTHBANK,2007-10-31,8.92101001739502,9.188559087139062,8.761561517181773,9.188559087139062,1643401
SOUTHBANK,2007-11-01,8.950739860534668,9.107485688743056,8.810208872554185,8.999385093019974,1373809
SOUTHBANK,2007-11-02,8.875066757202148,9.183153628187531,8.766965476328844,8.864256629114818,1526564
SOUTHBANK,2007-11-05,9.004788398742676,9.053433623644699,8.491309759352024,8.491309759352024,1433864
SOUTHBANK,2007-11-06,8.98857593536377,9.188562308232395,8.972361093380457,9.026410329390941,1606738
SOUTHBANK,2007-11-07,8.929119110107422,9.115592609724166,8.866961039634656,8.866961039634656,431529
SOUTHBANK,2007-11-08,8.977763175964355,9.026407687677747,8.756156604106678,8.864257179895398,485177
SOUTHBANK,2007-11-12,8.945331573486328,8.97235724761021,8.553466416703655,8.864255974717405,559068
SOUTHBANK,2007-11-13,8.848042488098145,9.0696490635985,8.785884424662427,8.837231647359964,825594
SOUTHBANK,2007-11-14,9.1074857711792,9.177751265805448,8.93452438937576,8.972360203252661,949143
SOUTHBANK,2007-11-15,10.002017974853516,10.107416562539235,8.988574177638224,9.188560511399304,5071442
SOUTHBANK,2007-11-16,10.066878318786621,10.269566642392007,8.377804684599413,8.377804684599413,2872604
SOUTHBANK,2007-11-19,9.893917083740234,10.37226264378769,9.837163726042032,10.107416251134936,1493560
SOUTHBANK,2007-11-20,9.91553783416748,10.053366102063372,9.837164213633041,9.837164213633041,923141
SOUTHBANK,2007-11-21,9.458810806274414,10.269566201275454,9.310173135762577,9.837163181581273,1698927
SOUTHBANK,2007-11-22,9.32909107208252,9.723658301246099,9.18856010262115,9.723658301246099,569342
SOUTHBANK,2007-11-23,9.499350547790527,9.661501790050758,9.29666149496524,9.458812025423912,1157755
SOUTHBANK,2007-11-26,9.620963096618652,9.729064397404418,9.512862507634434,9.539888188731648,1012844
SOUTHBANK,2007-11-27,9.580426216125488,9.675014685538219,9.302066941153328,9.64528700288878,876273
SOUTHBANK,2007-11-28,9.464217185974121,9.83716417874607,9.41286924655154,9.620963002884027,1193106
SOUTHBANK,2007-11-29,9.591235160827637,9.672310060533581,9.461513612974587,9.461513612974587,425729
SOUTHBANK,2007-11-30,9.610154151916504,9.67501422378263,9.485838005787523,9.620963570726207,528771
SOUTHBANK,2007-12-03,9.39124870300293,9.837163881677979,9.250717729395971,9.46691961053057,2514842
SOUTHBANK,2007-12-04,9.191262245178223,9.591234870201024,9.137211601877254,9.564209192649814,2029112
SOUTHBANK,2007-12-05,9.407463073730469,9.561506879685572,9.248015270922984,9.293957785786008,1253602
SOUTHBANK,2007-12-06,9.39124870300293,9.664203230932122,9.350711606579305,9.458811479444329,960093
SOUTHBANK,2007-12-07,9.439895629882812,9.591237472182653,9.296662631930486,9.51286384018411,1675604
SOUTHBANK,2007-12-10,10.13174057006836,10.264164149239178,9.534484176067538,9.564211860224118,3570991
SOUTHBANK,2007-12-11,11.755951881408691,11.999178737143236,10.220921972892343,10.220921972892343,12310460
SOUTHBANK,2007-12-12,11.393815040588379,12.026204439557688,11.296524582839726,11.404625170538399,6459682
SOUTHBANK,2007-12-13,11.653257369995117,11.720820152008589,11.453271022738107,11.550561485781632,2487997
SOUTHBANK,2007-12-14,11.16140079498291,11.674878845876027,11.083027162474519,11.458676924414291,2574248
SOUTHBANK,2007-12-17,10.723590850830078,11.458675437744454,10.539820060002263,10.97222313502331,1326748
SOUTHBANK,2007-12-18,11.120858192443848,11.342464742634354,10.493874344730296,10.90195435212921,2720857
SOUTHBANK,2007-12-19,10.977627754211426,11.374898462237503,10.866825158416832,11.207342501409698,721917
SOUTHBANK,2007-12-20,10.82898998260498,11.126266800084142,10.701971123662581,11.126266800084142,722801
SOUTHBANK,2007-12-24,11.010058403015137,11.496511456408895,10.918173356159741,10.918173356159741,570530
SOUTHBANK,2007-12-26,11.164100646972656,11.620825952648168,11.02627238452638,11.620825952648168,568016
SOUTHBANK,2007-12-27,11.4208402633667,11.485700328664276,11.1884228346624,11.296524129827542,1594062
SOUTHBANK,2007-12-28,11.493807792663574,11.62082664489363,11.02627304135465,11.080322980693708,622796
SOUTHBANK,2007-12-31,11.993773460388184,12.534277116202784,11.410029996133467,11.618123754143763,3806723
SOUTHBANK,2008-01-01,12.407258987426758,12.558600808390675,11.947830950805992,12.158628131247818,2835140
SOUTHBANK,2008-01-02,13.434213638305664,13.512585819766462,12.426174730171953,12.43428214812987,6587885
SOUTHBANK,2008-01-03,14.031471252441406,15.501641750198733,13.188286843689887,13.188286843689887,9271762
SOUTHBANK,2008-01-04,13.561233520507812,14.809795979371449,13.43151196905022,14.215242427531622,5830782
SOUTHBANK,2008-01-07,13.755814552307129,14.188216880656817,13.245038607937595,13.245038607937595,2575242
SOUTHBANK,2008-01-08,13.245038032531738,14.104438654903872,13.18828610135816,13.944990854897998,3151254
SOUTHBANK,2008-01-09,13.42070484161377,13.674741143728792,13.188288801764198,13.293686690556257,4236954
SOUTHBANK,2008-01-10,12.812636375427246,14.047686015480311,12.464011657481862,13.561233748348966,2695380
SOUTHBANK,2008-01-11,12.469416618347168,13.018027643552424,12.299157975228194,12.918033771693791,2441309
SOUTHBANK,2008-01-14,12.691022872924805,12.972084798003731,12.466712878369462,12.69913029157103,1599696
SOUTHBANK,2008-01-15,12.080254554748535,12.918035011457139,12.004584355789687,12.809935133973955,2370856
SOUTHBANK,2008-01-16,11.950532913208008,12.291048765672734,11.685685114775513,12.107278712356097,1648856
SOUTHBANK,2008-01-17,12.142413139343262,12.377531152028926,11.63163645746778,11.94512880191892,826962
SOUTHBANK,2008-01-18,11.526239395141602,12.107280894951359,11.377600276007543,12.107280894951359,1117626
SOUTHBANK,2008-01-21,10.369562149047852,11.40462632409443,10.161468372114353,11.299228436172854,2098309
SOUTHBANK,2008-01-22,9.23180103302002,10.756020794840682,8.296729431024467,9.675013508090496,818676
SOUTHBANK,2008-01-23,10.239838600158691,10.810069877484539,9.74257551534227,10.810069877484539,1103458
SOUTHBANK,2008-01-24,10.029044151306152,10.864122686750854,9.41016752627446,10.7019714318915,1104121
SOUTHBANK,2008-01-25,10.677648544311523,10.861419338809334,10.002018592635679,10.645218152881943,1317206
SOUTHBANK,2008-01-28,10.896553039550781,10.96681853560836,9.729065290149085,10.485770194275842,1150878
SOUTHBANK,2008-01-29,10.580355644226074,11.404623865753088,10.539818551303204,10.96681614417152,936397
SOUTHBANK,2008-01-30,10.210112571716309,10.966817397300394,10.069581594187659,10.804666159874794,410125
SOUTHBANK,2008-01-31,10.110119819641113,10.756021373687517,10.002018515707285,10.474958695261128,431860
SOUTHBANK,2008-02-01,10.44252872467041,10.512794214367114,10.080391146094977,10.161467477685147,517006
SOUTHBANK,2008-02-04,11.034379005432129,11.080321518989798,10.593868570102833,10.647918502311683,1359987
SOUTHBANK,2008-02-05,11.40462589263916,11.458675834009979,10.812774265558083,10.812774265558083,992696
SOUTHBANK,2008-02-06,11.247878074645996,11.347871231459441,10.647918421963862,10.977625568435187,692476
SOUTHBANK,2008-02-07,11.147884368896484,11.577585390260442,11.028973663035314,11.0559993411321,1254721
SOUTHBANK,2008-02-08,10.720887184143066,11.296523899926738,10.096605242425838,11.131669962006047,1180981
SOUTHBANK,2008-02-11,10.550629615783691,10.756021381607638,10.107417116534902,10.753318671056912,654446
SOUTHBANK,2008-02-12,9.964183807373047,10.807369028629616,9.729065063617364,10.807369028629616,1968381
SOUTHBANK,2008-02-13,9.837163925170898,10.296592657687619,9.758791730537705,10.053365807261388,1531618
SOUTHBANK,2008-02-14,10.066878318786621,10.188491740030752,9.993910123679843,9.993910123679843,1188245
SOUTHBANK,2008-02-15,10.15876579284668,10.207411027270794,9.893918646557852,10.053367191759747,543934
SOUTHBANK,2008-02-18,10.369562149047852,10.429016802084385,10.099309584763336,10.264163549324666,442990
SOUTHBANK,2008-02-19,10.310107231140137,10.485771346487445,10.250651859619925,10.485771346487445,339230
SOUTHBANK,2008-02-20,10.096604347229004,10.537115475451406,9.966884230775243,10.537115475451406,402682
SOUTHBANK,2008-02-21,10.050661087036133,10.323615561588872,9.99931387100669,10.264160216058736,417996
SOUTHBANK,2008-02-22,9.742574691772461,10.053364271461094,9.626366705059898,9.918238738623295,696633
SOUTHBANK,2008-02-25,9.696633338928223,9.97229056923277,9.388545720622874,9.97229056923277,403000
SOUTHBANK,2008-02-26,9.996612548828125,10.053365192402675,9.837163323534982,9.837163323534982,362746
SOUTHBANK,2008-02-27,9.956076622009277,10.145252848097638,9.89662125700441,10.107417745240287,254015
SOUTHBANK,2008-02-28,9.91553783416748,10.037151262946752,9.845272344992892,9.904728415957429,120731
SOUTHBANK,2008-02-29,9.83446216583252,9.996613403394514,9.356116584465866,9.837164164470758,449978
SOUTHBANK,2008-03-03,9.529077529907227,9.729064584301915,9.353414158408532,9.729064584301915,445062
SOUTHBANK,2008-03-04,9.104782104492188,9.620962773237718,8.810208027206489,9.46151424969005,331386
SOUTHBANK,2008-03-05,9.102079391479492,9.242610365935237,8.923713318932167,8.923713318932167,256984
SOUTHBANK,2008-03-07,8.261595726013184,8.972357910867391,8.053502005964155,8.972357910867391,866883
SOUTHBANK,2008-03-10,8.285919189453125,8.37239951497815,7.407600958765657,7.780548652732584,959431
SOUTHBANK,2008-03-11,8.566981315612793,8.648056222092952,8.123768837288148,8.264299814069544,445269
SOUTHBANK,2008-03-12,8.850746154785156,9.064244622804711,8.648056393267469,8.648056393267469,788310
SOUTHBANK,2008-03-13,8.175117492675781,8.715621234443022,7.8454102529058645,8.715621234443022,1889463
SOUTHBANK,2008-03-14,8.431856155395508,8.48590609558558,8.118363797447131,8.350780533308832,475952
SOUTHBANK,2008-03-17,7.842705726623535,8.215653407183453,7.791358502308667,7.999452245242294,680670
SOUTHBANK,2008-03-18,7.204911708831787,8.04809752756153,7.029248352497173,7.945401654608203,1014901
SOUTHBANK,2008-03-19,7.234640598297119,7.67515112985844,7.13464741888506,7.4589499301897355,916236
SOUTHBANK,2008-03-24,7.104918479919434,7.510295083160272,7.080595513588245,7.15626569897164,417306
SOUTHBANK,2008-03-25,7.8940534591674805,8.158900551926923,6.940064379715557,6.940064379715557,1461952
SOUTHBANK,2008-03-26,7.78325080871582,8.05350334402567,7.577859764514236,7.577859764514236,685696
SOUTHBANK,2008-03-27,7.837301731109619,7.89135167061291,7.518404667914905,7.518404667914905,1955428
SOUTHBANK,2008-03-28,7.880541801452637,7.9967498053599915,7.685960179685174,7.88864850893278,440601
SOUTHBANK,2008-03-31,7.556237697601318,7.945400144965316,7.377871664867989,7.9372927274413225,828978
SOUTHBANK,2008-04-01,7.523809432983398,7.777846428299215,7.458949362737771,7.675150545958612,373807
SOUTHBANK,2008-04-02,7.648124694824219,7.837300886296823,7.518403857477247,7.7292003071412605,460900
SOUTHBANK,2008-04-03,7.453544616699219,7.675150508096684,7.323823053244762,7.569752627541887,951449
SOUTHBANK,2008-04-04,7.413007736206055,7.553538735779738,7.269774025770894,7.5130002082625404,393278
SOUTHBANK,2008-04-07,7.47516393661499,7.567049685347958,7.350848509812829,7.350848509812829,416463
SOUTHBANK,2008-04-08,7.585966110229492,7.621099205331477,7.431923026832555,7.564345853520798,349172
SOUTHBANK,2008-04-09,7.707580089569092,7.783250281836326,7.567049122385812,7.675149702111069,557756
SOUTHBANK,2008-04-10,8.107553482055664,8.37780531224429,7.59407479115681,7.59407479115681,2675964
SOUTHBANK,2008-04-11,8.08863639831543,8.431856448854093,8.015668193537554,8.431856448854093,855891
SOUTHBANK,2008-04-15,8.094038963317871,8.158899730780618,7.945400594300832,8.102146381300365,421200
SOUTHBANK,2008-04-16,8.20754623413086,8.318348816890033,8.056205131516222,8.058907130065375,551722
SOUTHBANK,2008-04-17,8.750753402709961,8.831829744861436,8.269705042261817,8.372400935611827,2401125
SOUTHBANK,2008-04-21,8.94803524017334,9.053433102763504,8.642651069046737,8.753453639958847,1716395
SOUTHBANK,2008-04-22,8.969655990600586,9.183154437589915,8.65886638225005,9.015598505170049,707790
SOUTHBANK,2008-04-23,8.65616512298584,9.02640943541524,8.612924599577328,8.999385175987316,1198021
SOUTHBANK,2008-04-24,8.572386741638184,8.864258113466775,8.38591324655855,8.807505465355916,533508
SOUTHBANK,2008-04-25,8.672379493713379,8.804803055629398,8.461583021214889,8.645354523947386,729070
SOUTHBANK,2008-04-28,8.510228157043457,8.694000369537484,8.485905898064528,8.694000369537484,522764
SOUTHBANK,2008-04-29,8.66157054901123,8.891283872289172,8.485906456420055,8.539957110710017,1039067
SOUTHBANK,2008-04-30,8.615625381469727,8.756156339285278,8.594005124605575,8.72372595398905,341481
SOUTHBANK,2008-05-02,8.685892105102539,8.810208243985723,8.650759004713212,8.753454883633967,385890
SOUTHBANK,2008-05-05,8.737239837646484,8.83723229195198,8.675081769676929,8.685891899402135,541917
SOUTHBANK,2008-05-06,8.799398422241211,8.831828813320865,8.688595119903567,8.756157900801671,625876
SOUTHBANK,2008-05-07,8.837231636047363,9.239907692771782,8.756156736828027,8.861554604074193,2827228
SOUTHBANK,2008-05-08,8.712918281555176,8.837233003906416,8.650759496776395,8.837233003906416,319400
SOUTHBANK,2008-05-09,8.539958000183105,8.783184902118654,8.46428707629571,8.650760607365296,398235
SOUTHBANK,2008-05-12,8.372401237487793,8.518337662100047,8.110256784811645,8.469692424496516,491059
SOUTHBANK,2008-05-13,8.388616561889648,8.648058318564603,8.323756478621762,8.48320504341571,1004337
SOUTHBANK,2008-05-14,8.353482246398926,8.59400639388394,8.285919467570949,8.483203094941318,581535
SOUTHBANK,2008-05-15,8.418342590332031,8.485905365658901,8.304836586813744,8.429152719800511,3111167
SOUTHBANK,2008-05-16,8.426451683044434,8.58860294547468,8.323755788598392,8.323755788598392,636205
SOUTHBANK,2008-05-20,8.342672348022461,8.48320333049566,8.277812277851057,8.426450680120487,546626
SOUTHBANK,2008-05-21,8.302132606506348,8.429151430380347,8.26159551695245,8.326455572040082,3249657
SOUTHBANK,2008-05-22,8.261595726013184,8.318347652824755,8.164304573217676,8.164304573217676,406783
SOUTHBANK,2008-05-23,8.185925483703613,8.375101672669354,8.134577549129823,8.375101672669354,4368484
SOUTHBANK,2008-05-26,7.437327861785889,8.212951633497385,7.356252957690117,8.110255046652444,2396251
SOUTHBANK,2008-05-27,7.453544616699219,7.675150508096684,7.404898674503018,7.458949325942375,477885
SOUTHBANK,2008-05-28,7.483272075653076,7.5346193032494435,7.323822836574557,7.5346193032494435,391151
SOUTHBANK,2008-05-29,7.510296821594238,7.6427211002707205,7.429221909260237,7.510296821594238,406742
SOUTHBANK,2008-05-30,7.418412208557129,7.675151225332594,7.307608896603148,7.512999967663195,257481
SOUTHBANK,2008-06-02,7.285987377166748,7.550834480580588,7.202209052008971,7.458948736298204,347515
SOUTHBANK,2008-06-03,7.302201747894287,7.3508476831303895,7.1346458201079646,7.14005124037929,418825
SOUTHBANK,2008-06-04,7.002224445343018,7.269773585792135,6.89142042474502,7.269773585792135,529434
SOUTHBANK,2008-06-05,6.764401912689209,7.107621951666558,6.702243840779679,6.950876128417801,1097962
SOUTHBANK,2008-06-06,6.880610942840576,6.969793988844055,6.772510345727414,6.864396102404162,485950
SOUTHBANK,2008-06-09,6.715756893157959,6.858990591753923,6.215791015192716,6.380644975290137,361048
SOUTHBANK,2008-06-10,6.472529411315918,6.783319039668287,6.386049085230611,6.6914340046158145,491957
SOUTHBANK,2008-06-11,6.618465900421143,6.745484748662839,6.488744341756892,6.6481935796646505,374222
SOUTHBANK,2008-06-12,6.6400861740112305,6.702243531248567,6.326593830190231,6.54009229438248,543050
SOUTHBANK,2008-06-13,6.634680271148682,6.858989560757683,6.594142464877212,6.858989560757683,330724
SOUTHBANK,2008-06-16,6.637382984161377,6.858989563631399,6.602250598338841,6.858989563631399,342157
SOUTHBANK,2008-06-17,6.831964492797852,7.888648015054919,6.594142367348632,6.594142367348632,26853950
SOUTHBANK,2008-06-18,6.850881576538086,7.107621259013806,6.796832353356327,6.918445062969406,9032274
SOUTHBANK,2008-06-19,6.772509574890137,6.829262221759682,6.715756216219072,6.756294024497753,2358276
SOUTHBANK,2008-06-20,6.59954833984375,6.923850100548299,6.540092269656307,6.923850100548299,3265302
SOUTHBANK,2008-06-23,6.180657386779785,6.513067277547306,6.107690611970089,6.513067277547306,1815626
SOUTHBANK,2008-06-24,5.772578239440918,6.234708667281674,5.6698827074432385,6.213088405429194,2613576
SOUTHBANK,2008-06-25,5.50502872467041,5.594211770636702,5.402332837145007,5.521244632802462,3671796
SOUTHBANK,2008-06-26,5.877975940704346,5.918514105894205,5.540160981928844,5.540160981928844,2770100
SOUTHBANK,2008-06-27,5.740147590637207,6.021209541153765,5.567186581958197,5.632046648799658,4078345
SOUTHBANK,2008-06-30,5.442870616912842,5.886083460295988,5.4158456475277275,5.805008196239872,4244798
SOUTHBANK,2008-07-01,5.1293792724609375,5.54016177750457,5.075328615046547,5.459086503184623,2143271
SOUTHBANK,2008-07-02,5.296934604644775,5.345579831288362,4.70238068776519,5.1401887952597205,3467175
SOUTHBANK,2008-07-03,5.150999069213867,5.302339828573971,4.98344311409707,5.302339828573971,1266528
SOUTHBANK,2008-07-04,5.3834147453308105,5.459084932132444,4.975334356746787,4.983442130976045,975891
SOUTHBANK,2008-07-07,5.577996730804443,5.691502745159194,5.39422557999784,5.399631001148889,1519176
SOUTHBANK,2008-07-08,5.50502872467041,5.610426966967155,5.299637305520404,5.38071328717267,531768
SOUTHBANK,2008-07-09,5.6887993812561035,5.783387122520865,5.567186316843735,5.61853389697307,1098790
SOUTHBANK,2008-07-10,5.72393274307251,5.783387748632373,5.650964896525564,5.7293374523864005,625572
SOUTHBANK,2008-07-11,5.613128662109375,5.745552563566145,5.567186148002899,5.729336658367882,903808
SOUTHBANK,2008-07-14,5.599616527557373,5.675287434787407,5.5158385569752575,5.569888849095952,665839
SOUTHBANK,2008-07-15,5.4401679039001465,5.5671867547342755,5.4077378694729585,5.5671867547342755,578152
SOUTHBANK,2008-07-16,5.4753007888793945,5.591509156676382,5.413143428912568,5.513136245229959,632794
SOUTHBANK,2008-07-17,5.529351711273193,5.62123746814688,5.486111899416212,5.5104338042221634,606032
SOUTHBANK,2008-07-18,5.50502872467041,5.610426966967155,5.459086202251992,5.567187155220879,2056979
SOUTHBANK,2008-07-21,5.486111164093018,5.591508680731202,5.413142968149749,5.561781002650835,827113
SOUTHBANK,2008-07-22,5.564483165740967,5.64826112701025,5.486110624573714,5.486110624573714,932558
SOUTHBANK,2008-07-23,6.045532703399658,6.431993299055648,5.648262688154822,5.648262688154822,4429672
SOUTHBANK,2008-07-24,6.064449310302734,6.372536227415269,5.945538951240815,6.104987830550762,2128951
SOUTHBANK,2008-07-25,5.853653430938721,6.104988437745762,5.78338793676302,6.104988437745762,940802
SOUTHBANK,2008-07-28,5.84824800491333,5.891487808306533,5.621236367843534,5.623939077993566,596642
SOUTHBANK,2008-07-29,5.564483165740967,5.805007277046909,5.542862908935712,5.675286803917536,1280102
SOUTHBANK,2008-07-30,5.6969075202941895,5.729337556269473,5.5671870204922635,5.599617056467547,755210
SOUTHBANK,2008-07-31,5.632046699523926,5.726635157946465,5.572591697033906,5.723932447528284,575639
SOUTHBANK,2008-08-01,5.626642227172852,5.675288172617253,5.561781797015525,5.621237517568812,1696027
SOUTHBANK,2008-08-04,5.805008411407471,5.872571193275302,5.669882491771021,5.669882491771021,2032399
SOUTHBANK,2008-08-05,5.983374118804932,6.0212092150635455,5.786089794967972,5.832033021968991,2196049
SOUTHBANK,2008-08-06,6.31308126449585,6.621168166126663,6.05363958819606,6.05363958819606,12563440
SOUTHBANK,2008-08-07,6.485007286071777,6.532059971000773,6.310633727389463,6.360455160728231,8205422
SOUTHBANK,2008-08-08,6.612326622009277,6.6925940808630635,6.371526432452957,6.371526432452957,1489708
SOUTHBANK,2008-08-11,6.659379482269287,6.808841581062731,6.534827368773941,6.642772825403888,1987340
SOUTHBANK,2008-08-12,6.540364742279053,6.739648332568209,6.482240695903895,6.698130219297863,783381
SOUTHBANK,2008-08-13,6.490542888641357,6.576344933146875,6.421347503330012,6.4767035199784,581770
SOUTHBANK,2008-08-14,6.3217058181762695,6.476703241324518,6.285723752801362,6.4268825368837685,606930
SOUTHBANK,2008-08-18,6.365991592407227,6.50438238117612,6.282956827545164,6.310634839498579,531243
SOUTHBANK,2008-08-19,6.3217058181762695,6.473935950912363,6.285723752801362,6.415811188230081,622327
SOUTHBANK,2008-08-20,6.454561233520508,6.498847361867778,6.31063441464939,6.365991163831269,402640
SOUTHBANK,2008-08-21,6.294026851654053,6.504381010370917,6.255278226287039,6.476703004250671,504426
SOUTHBANK,2008-08-22,6.294026851654053,6.365990250768023,6.258044787596237,6.365990250768023,4909381
SOUTHBANK,2008-08-25,6.3217058181762695,6.476703241324518,6.299563120868894,6.360455173963332,1222118
SOUTHBANK,2008-08-26,6.305098533630371,6.365990587718917,6.269117196669731,6.310633843546738,335198
SOUTHBANK,2008-08-27,6.238670825958252,6.365990980917403,6.202690215776953,6.365990980917403,264827
SOUTHBANK,2008-08-28,6.083672046661377,6.258044497744918,6.0449223295866235,6.258044497744918,1257538
SOUTHBANK,2008-08-29,6.2331342697143555,6.305097662696916,6.116885487511265,6.116885487511265,931523
SOUTHBANK,2008-09-01,6.241439342498779,6.269118082998945,6.119655217103822,6.249743402049912,220583
SOUTHBANK,2008-09-02,6.3604559898376465,6.388134000521361,6.219297187648388,6.269117898479786,1482016
SOUTHBANK,2008-09-04,6.352152347564697,6.379830356889085,6.186082104613136,6.338312978401631,1313934
SOUTHBANK,2008-09-05,6.269118309020996,6.299564341467414,6.233136236674232,6.269118309020996,902883
SOUTHBANK,2008-09-08,6.390901565551758,6.476703611266644,6.338312838693354,6.4213475938380205,722000
SOUTHBANK,2008-09-09,6.338311672210693,6.415810373948845,6.2580442224084125,6.415810373948845,420468
SOUTHBANK,2008-09-10,6.429650783538818,6.476703470228693,6.282955955444133,6.282955955444133,768053
SOUTHBANK,2008-09-11,6.346616744995117,6.426883487860035,6.318938733766269,6.426883487860035,337697
SOUTHBANK,2008-09-12,6.3604559898376465,6.388134000521361,6.294027889394593,6.365991300373676,529641
SOUTHBANK,2008-09-15,5.859479904174805,6.1224228179171485,5.812427214947837,6.1224228179171485,1366725
SOUTHBANK,2008-09-16,5.956352710723877,6.020012782592132,5.646356774041488,5.7017135167533795,1232889
SOUTHBANK,2008-09-17,5.884390354156494,6.08920885516722,5.867782601450922,6.033852109487715,667192
SOUTHBANK,2008-09-18,6.0310845375061035,6.089208939019564,5.480287644166656,5.745998569083848,1694080
SOUTHBANK,2008-09-19,6.180547714233398,6.324474533568103,6.08920926003954,6.172243655078044,839182
SOUTHBANK,2008-09-22,6.219296455383301,6.357687221509411,6.199921777285713,6.354919202066413,430106
SOUTHBANK,2008-09-23,6.235902786254883,6.415810918562502,6.1999214513940215,6.282955469304083,998786
SOUTHBANK,2008-09-24,6.028316497802734,6.305098771084006,5.978495790672348,6.249742753828788,1140632
SOUTHBANK,2008-09-25,6.064297199249268,6.16670698066372,6.036619195192003,6.086439894095722,632891
SOUTHBANK,2008-09-26,5.948049545288086,6.12242237837807,5.923138828131644,6.017245293332149,646382
SOUTHBANK,2008-09-29,5.687874794006348,6.033852083773206,5.596536346274853,6.033852083773206,1047035
SOUTHBANK,2008-09-30,5.7238569259643555,5.7847486215215165,5.065114886243877,5.591001091427571,840757
SOUTHBANK,2008-10-01,5.820730209350586,5.945282346690084,5.676803392291845,5.804123184805143,956434
SOUTHBANK,2008-10-03,5.765373229980469,5.978495791859882,5.618679492624313,5.8124270110595155,833811
SOUTHBANK,2008-10-06,5.4470744132995605,5.757070761122084,5.369575690844826,5.757070761122084,1149580
SOUTHBANK,2008-10-07,5.458144664764404,5.701712846041616,5.380645234084276,5.698944826981212,942846
SOUTHBANK,2008-10-08,5.333593368530273,5.474752156117659,5.03743569594263,5.261629964995293,3085234
SOUTHBANK,2008-10-10,5.090025424957275,5.369576129284994,4.871367880747851,5.092793444985758,2235722
SOUTHBANK,2008-10-13,5.148148536682129,5.369574774035177,5.092792159594284,5.308682358287631,1394329
SOUTHBANK,2008-10-14,5.303146839141846,5.674035221615288,5.2145767729250085,5.402788983762744,5697208
SOUTHBANK,2008-10-15,5.380646228790283,5.591000771735932,5.126006288697635,5.203505733704883,3579732
SOUTHBANK,2008-10-16,5.276161193847656,6.089209205465698,5.1204715678579795,6.089209205465698,3532646
SOUTHBANK,2008-10-17,4.964780807495117,5.542563907437652,4.912884994927532,5.2761611504138015,1826138
SOUTHBANK,2008-10-20,5.020137310028076,5.186206818117652,4.878286332618374,4.985539981843895,937615
SOUTHBANK,2008-10-21,5.02359676361084,5.082413351194626,4.947482058769189,5.027056605762929,663480
SOUTHBANK,2008-10-22,4.874825954437256,4.9820792193493135,4.822929060495605,4.9820792193493135,554522
SOUTHBANK,2008-10-23,4.681079387664795,4.795251993424765,4.6361018035005985,4.774492940194737,516608
SOUTHBANK,2008-10-24,4.445812702178955,4.684537363793415,4.386996497049338,4.587663271108636,781486
SOUTHBANK,2008-10-27,4.162112712860107,4.42851547108566,3.802295669087132,4.310883018063827,1448391
SOUTHBANK,2008-10-29,4.386997699737549,4.705297335818151,4.362779534427732,4.705297335818151,517282
SOUTHBANK,2008-10-31,4.490790843963623,4.598044482303738,4.4319746265680955,4.532308581273152,592679
SOUTHBANK,2008-11-03,4.722596645355225,4.912884681296886,4.566906301584464,4.636101685926264,799250
SOUTHBANK,2008-11-04,5.217345237731934,5.324598906149571,4.584206036097798,4.77103390162894,1191192
SOUTHBANK,2008-11-05,5.002838134765625,5.604839333009043,4.919803750680932,5.328057080724501,938411
SOUTHBANK,2008-11-06,4.777952671051025,4.9128846913973385,4.643021379706425,4.847148055535086,821598
SOUTHBANK,2008-11-07,4.7641143798828125,4.843688938145445,4.667240972910832,4.771033700666005,734061
SOUTHBANK,2008-11-10,4.843688011169434,4.9128844862668615,4.739895303277916,4.777952471554442,459218
SOUTHBANK,2008-11-11,4.708757400512695,4.843688705567373,4.705297922537667,4.743355825271908,225361
SOUTHBANK,2008-11-12,4.570366382598877,4.76065406398619,4.497711152342061,4.611883761174449,486406
SOUTHBANK,2008-11-14,4.494250774383545,4.843687879327373,4.459652720026988,4.60496389222303,766484
SOUTHBANK,2008-11-17,4.345480918884277,4.618803351865821,4.307423018879695,4.480412214261165,409639
SOUTHBANK,2008-11-18,4.103296756744385,4.269365555658483,4.016801785703795,4.1517338238868255,457584
SOUTHBANK,2008-11-19,4.037561416625977,4.252067293888764,4.013342517288605,4.054859901436539,360435
SOUTHBANK,2008-11-20,3.861111879348755,4.272825098691615,3.8403535543154437,4.013342026265561,664894
SOUTHBANK,2008-11-21,3.9026291370391846,3.985663520337252,3.7503982800734215,3.9441457819369687,580870
SOUTHBANK,2008-11-24,3.857651948928833,3.982204083290106,3.8092148862880477,3.9441461829289914,370123
SOUTHBANK,2008-11-25,3.8403539657592773,3.9995034499043522,3.812675224080437,3.9441466955485063,276189
SOUTHBANK,2008-11-26,3.8022961616516113,3.868032081385696,3.778077991039883,3.7988363188496708,538139
SOUTHBANK,2008-11-27,3.8022961616516113,3.8022961616516113,3.8022961616516113,3.8022961616516113,0
SOUTHBANK,2008-11-28,3.7088816165924072,3.8057550025379667,3.535892438044509,3.8057550025379667,386473
SOUTHBANK,2008-12-01,3.6396865844726562,3.8645719773882843,3.5289734447979892,3.6708244385837454,1116281
SOUTHBANK,2008-12-02,3.4805359840393066,3.6708240232464076,3.463237502157861,3.463237502157861,731012
SOUTHBANK,2008-12-03,3.4909157752990723,3.5912493835258346,3.459777922349786,3.5912493835258346,692722
SOUTHBANK,2008-12-04,3.5981688499450684,3.6327661787319347,3.4943750410801346,3.528973098868735,1002075
SOUTHBANK,2008-12-05,3.660444498062134,3.7953757780581925,3.5981684385637625,3.5981684385637625,1064635
SOUTHBANK,2008-12-08,3.8092145919799805,4.01334162455063,3.6327659308514133,3.9441458781958443,1100804
SOUTHBANK,2008-12-10,3.8645710945129395,3.902628989566665,3.743478819298848,3.902628989566665,600280
SOUTHBANK,2008-12-11,3.8541924953460693,3.9441462076697986,3.8126747524643423,3.8403534907194086,812915
SOUTHBANK,2008-12-12,3.90954852104187,3.9303068438342255,3.7538581840924907,3.8507323011279584,563680
SOUTHBANK,2008-12-15,3.9406867027282715,3.9752847608077704,3.9164685359237534,3.9752847608077704,1932776
SOUTHBANK,2008-12-16,3.9441463947296143,3.961445971460374,3.9164687486644927,3.9441463947296143,1651184
SOUTHBANK,2008-12-17,3.861111879348755,3.961445849181404,3.8472728744929214,3.9441462729846353,1013012
SOUTHBANK,2008-12-18,3.923387289047241,3.940686133337039,3.76077727792118,3.819593858807637,424575
SOUTHBANK,2008-12-19,3.9406867027282715,3.961445756276493,3.8818701133433846,3.8818701133433846,1152582
SOUTHBANK,2008-12-22,3.8853297233581543,3.9787440007378874,3.874950561705322,3.9337667830736343,3335090
SOUTHBANK,2008-12-23,3.8368935585021973,3.906088944514459,3.8092148208959102,3.906088944514459,492636
SOUTHBANK,2008-12-24,3.8784103393554688,3.909548552798612,3.8092145929824723,3.8611114938874302,752476
SOUTHBANK,2008-12-26,3.874950408935547,3.944145789228666,3.8403530832898207,3.850732244533455,1248383
SOUTHBANK,2008-12-29,3.926846981048584,3.940685983052486,3.809214188262608,3.878409927283723,427834
SOUTHBANK,2008-12-30,3.9406867027282715,3.9441461804854385,3.8784106355862176,3.8784106355862176,548060
SOUTHBANK,2008-12-31,3.9372265338897705,3.9441458533310385,3.9130083690940722,3.9441458533310385,801437
SOUTHBANK,2009-01-02,4.137893199920654,4.414676172974059,3.933766540970544,3.9441457019845925,17077999
SOUTHBANK,2009-01-05,4.279744625091553,4.338560839161118,4.220928411021987,4.220928411021987,13618838
SOUTHBANK,2009-01-06,4.217468738555908,4.310882279088538,4.15865252212732,4.290123957526276,5149927
SOUTHBANK,2009-01-07,3.923387289047241,4.245146740539607,3.8749502334351535,4.224388054491685,3430482
SOUTHBANK,2009-01-09,3.9406867027282715,4.117135377380323,3.473616745914172,3.8541924687816995,2883924
SOUTHBANK,2009-01-12,3.954524517059326,4.10329551608651,3.913007876634982,3.9752839307738803,4630501
SOUTHBANK,2009-01-13,3.9614458084106445,4.044480201191944,3.909548902858848,3.944146232391921,1635055
SOUTHBANK,2009-01-14,3.9614458084106445,4.065238526011613,3.9372269122856562,4.03064119647854,1369758
SOUTHBANK,2009-01-15,3.8818702697753906,3.9441463394270517,3.8057555595356507,3.9406868615304744,1736247
SOUTHBANK,2009-01-16,3.8541924953460693,3.971824945924865,3.8403534907194086,3.9441462076697986,1348315
SOUTHBANK,2009-01-19,3.9510653018951416,3.9995023576026623,3.8749502410697394,3.9026289751892573,1676835
SOUTHBANK,2009-01-20,3.9026291370391846,4.006421842786144,3.8749504017717733,3.975284359112806,1005423
SOUTHBANK,2009-01-21,3.7988359928131104,3.9718252020558436,3.753858769249928,3.9718252020558436,834512
SOUTHBANK,2009-01-22,3.660444498062134,3.874950317721815,3.6327657633950907,3.8403529928904874,1732038
SOUTHBANK,2009-01-23,3.5877890586853027,3.684662437105078,3.5393520049746123,3.5393520049746123,983174
SOUTHBANK,2009-01-27,3.6362264156341553,3.719261544638846,3.5428124878178515,3.5981692404876453,2756153
SOUTHBANK,2009-01-28,3.57395076751709,3.6812033276343588,3.539352708913644,3.6604450027735167,1498844
SOUTHBANK,2009-01-29,3.532433032989502,3.6258465885958984,3.5082141367568505,3.598168943546926,3325600
SOUTHBANK,2009-01-30,3.497835397720337,3.5566516307596747,3.4770770702955547,3.553191788021904,2054670
SOUTHBANK,2009-02-02,3.4770758152008057,3.5947082388185616,3.4666966552349043,3.5220530255548854,3211052
SOUTHBANK,2009-02-03,3.404421091079712,3.511674370141572,3.390582087636545,3.511674370141572,1635773
SOUTHBANK,2009-02-04,3.418259859085083,3.5601104547342666,3.3975011730996973,3.4909150777835247,2289024
SOUTHBANK,2009-02-05,3.383662700653076,3.456317930732801,3.3559843268365332,3.397501705310911,541719
SOUTHBANK,2009-02-06,3.4320993423461914,3.4459390772463174,3.359444105753911,3.3905826891521555,598446
SOUTHBANK,2009-02-09,3.4424784183502197,3.470156791015208,3.390582244167691,3.4528583092882705,2487420
SOUTHBANK,2009-02-10,3.328305721282959,3.4597771532325754,3.3075466712637054,3.4597771532325754,3732765
SOUTHBANK,2009-02-11,3.3179268836975098,3.3421450487421005,3.3075469931768327,3.338685206735489,1514133
SOUTHBANK,2009-02-12,3.293708086013794,3.321386822876468,3.2798690820833114,3.321386822876468,1480307
SOUTHBANK,2009-02-13,3.2556509971618652,3.321386905340251,3.2245127819191084,3.321386905340251,16692442
SOUTHBANK,2009-02-16,3.182995319366455,3.32138719675386,3.1691563138781618,3.32138719675386,8912652
SOUTHBANK,2009-02-17,3.134559154510498,3.176075808753949,3.124179261947805,3.176075808753949,1927407
SOUTHBANK,2009-02-18,3.1553165912628174,3.182994595948863,3.068822370992909,3.099960217389914,4186461
SOUTHBANK,2009-02-19,3.1207194328308105,3.1829955079695362,3.0999611056188185,3.179535665267232,1168269
SOUTHBANK,2009-02-20,3.0653634071350098,3.1137997411967504,3.0376846688120187,3.0584429935525153,1515381
SOUTHBANK,2009-02-24,3.0861213207244873,3.1310985355054752,3.0100062584802467,3.113799326358307,1167915
SOUTHBANK,2009-02-25,3.2106733322143555,3.269489547845441,3.093040536451372,3.1034196970917693,5524050
SOUTHBANK,2009-02-26,3.2556509971618652,3.3352255451134667,3.210673777645029,3.2867884834028955,2430483
SOUTHBANK,2009-02-27,3.2833285331726074,3.321386427325534,3.1829945819978147,3.2660296891944465,1737771
SOUTHBANK,2009-03-02,3.14839768409729,3.2521903974946467,3.0722826145049207,3.2521903974946467,831894
SOUTHBANK,2009-03-03,3.113799571990967,3.158776790319991,3.0376845037423745,3.113799571990967,1019574
SOUTHBANK,2009-03-04,3.079202651977539,3.2867888315814895,3.037684905755486,3.248731292420585,632681
SOUTHBANK,2009-03-05,3.1380183696746826,3.1829948576112503,3.051523231042294,3.113799475707024,1174013
SOUTHBANK,2009-03-06,3.110339641571045,3.148397539115547,3.048063578999373,3.1137994835751672,900950
SOUTHBANK,2009-03-09,3.1760752201080322,3.200294478931025,3.048063615911198,3.048063615911198,1215760
SOUTHBANK,2009-03-12,3.1414780616760254,3.25219046158196,3.1172591660546494,3.1968348083802933,681189
SOUTHBANK,2009-03-13,3.131098508834839,3.321386527325396,3.1068796162350996,3.155316672432935,7007074
SOUTHBANK,2009-03-16,3.217593193054199,3.2418113601276004,3.1345588004437714,3.155317125220723,1110757
SOUTHBANK,2009-03-17,3.252190351486206,3.276409246287705,3.193374858043984,3.2383513475290617,776161
SOUTHBANK,2009-03-18,3.331765651702881,3.3732822948440573,3.2279718568450333,3.286788073297214,1475081
SOUTHBANK,2009-03-19,3.324846029281616,3.373282356837012,3.2867881337006097,3.3663630376865945,724262
SOUTHBANK,2009-03-20,3.4286391735076904,3.5635704562102526,3.290248048902349,3.3040870520126333,1048761
SOUTHBANK,2009-03-23,3.4909157752990723,3.5981690684038488,3.3905825315731994,3.4666976072278004,6060300
SOUTHBANK,2009-03-24,3.3975017070770264,3.5877897526003215,3.3802024956196486,3.556651171977041,6271069
SOUTHBANK,2009-03-25,3.5289735794067383,3.6154678244039355,3.266030637214158,3.3940426301112936,1631398
SOUTHBANK,2009-03-26,3.6673636436462402,3.8334331277815794,3.5012941595109015,3.5289725283670608,3450422
SOUTHBANK,2009-03-27,3.7400193214416504,3.871490769577683,3.615467192996449,3.667364095432376,2435090
SOUTHBANK,2009-03-30,3.601628303527832,3.667363840780931,3.5151340796419577,3.6154669419485788,1632061
SOUTHBANK,2009-03-31,3.542811393737793,3.653524500386395,3.4770758625566294,3.5774098090979716,1416785
SOUTHBANK,2009-04-01,3.6396865844726562,3.681203601787141,3.5566514563409792,3.577410876250478,631952
SOUTHBANK,2009-04-02,3.767698287963867,3.8057554598363112,3.6673643190694567,3.6673643190694567,1993038
SOUTHBANK,2009-04-06,3.764237642288208,3.9406859172696707,3.7019615875590346,3.8645708607676132,3804870
SOUTHBANK,2009-04-08,3.8507320880889893,3.9372263099413702,3.5428116376922176,3.6050876961264238,5460374
SOUTHBANK,2009-04-09,4.162112712860107,4.324722022977902,3.8230539942078035,4.013342043155507,11207366
SOUTHBANK,2009-04-13,4.189791202545166,4.359320581287523,4.120595805548963,4.29012518429132,6040592
SOUTHBANK,2009-04-15,4.217468738555908,4.290123957526276,4.061778410832406,4.117134785500345,5171347
SOUTHBANK,2009-04-16,4.041020393371582,4.393917385830448,4.013342019207711,4.286664825010692,4951299
SOUTHBANK,2009-04-17,4.179411888122559,4.421596497880024,4.041020734618422,4.113675971745298,8883841
SOUTHBANK,2009-04-20,4.342021942138672,4.456193832821205,4.258986448093359,4.258986448093359,7408782
SOUTHBANK,2009-04-21,4.265905380249023,4.393916983341293,4.22092889204223,4.269364857764346,3254843
SOUTHBANK,2009-04-22,4.29704475402832,4.483872992834432,4.220930031627088,4.324722768628597,3873948
SOUTHBANK,2009-04-23,4.238227367401123,4.3212617531728394,4.193250150253346,4.297043588094047,3528327
SOUTHBANK,2009-04-24,4.293583869934082,4.3247213527898145,4.234767288036902,4.27282445452779,2478649
SOUTHBANK,2009-04-27,4.42851448059082,4.615342645398237,4.224387836885501,4.359319106996013,14843768
SOUTHBANK,2009-04-28,4.241686820983887,4.52538800793348,4.200169085148712,4.390457097848014,3281511
SOUTHBANK,2009-04-29,4.3731584548950195,4.4112163507849225,4.265905179934369,4.290124072910289,2315979
SOUTHBANK,2009-04-30,4.3731584548950195,4.3731584548950195,4.3731584548950195,4.3731584548950195,0
SOUTHBANK,2009-05-04,4.490790843963623,4.601503959620444,4.411216304664567,4.490790843963623,5560582
SOUTHBANK,2009-05-05,4.483872413635254,4.532309479680349,4.4354353475901585,4.532309479680349,2744918
SOUTHBANK,2009-05-06,4.359319686889648,4.556527038169254,4.297043623669639,4.497710816989387,6772477
SOUTHBANK,2009-05-07,4.414676666259766,4.463112999404705,4.348940757489528,4.393917248409582,3588158
SOUTHBANK,2009-05-08,4.3696980476379395,4.456192260284726,4.32818067976717,4.435433940850121,1443177
SOUTHBANK,2009-05-11,4.3696980476379395,4.4042960971974345,4.3108818372378135,4.3593188879206375,1719974
SOUTHBANK,2009-05-12,4.421595573425293,4.449273579638736,4.3108824550690255,4.35585967079191,1580626
SOUTHBANK,2009-05-13,4.40083646774292,4.494250739938595,4.359319458934743,4.373158461870802,3577387
SOUTHBANK,2009-05-14,4.390457630157471,4.425055686798064,4.258985816825096,4.373158784087601,2799590
SOUTHBANK,2009-05-15,4.580745220184326,4.65340044528936,4.428515085868694,4.428515085868694,4933789
SOUTHBANK,2009-05-18,5.355736255645752,5.383414997213698,5.328058243079638,5.383414997213698,45514
SOUTHBANK,2009-05-19,5.802047252655029,6.144565828224641,4.739896016944879,5.466449091088904,20048677
SOUTHBANK,2009-05-20,6.099587440490723,6.165322977456347,5.6774943904707404,5.739770085595895,12196539
SOUTHBANK,2009-05-21,6.33485221862793,6.905715907901227,6.089208190071716,6.154944090573068,13007124
SOUTHBANK,2009-05-22,6.327933311462402,6.642773084668586,6.2691167295988945,6.296794735122027,5047464
SOUTHBANK,2009-05-25,6.756945610046387,6.795003144741944,6.431726279556138,6.431726279556138,6441637
SOUTHBANK,2009-05-26,6.251817226409912,6.898795951463747,6.161862801439498,6.846899055672875,5919769
SOUTHBANK,2009-05-27,6.355610370635986,6.577036594253693,6.289874836390942,6.431725429972867,3037060
SOUTHBANK,2009-05-28,6.431726932525635,6.487083683612677,6.341773214386658,6.421348134010771,1919740
SOUTHBANK,2009-05-29,6.673911094665527,6.711969359721827,6.452485562893886,6.500921896780234,3872445
SOUTHBANK,2009-06-01,6.940314292907715,7.2205571614061155,6.649693354912558,6.777705340411363,11166923
SOUTHBANK,2009-06-02,6.6669921875,7.127142465772237,6.573577903323669,7.054487235413647,5405503
SOUTHBANK,2009-06-03,6.677370071411133,6.898796303482867,6.608174692826938,6.777704026459701,4031027
SOUTHBANK,2009-06-04,6.853818893432617,6.943772591428568,6.435185334021931,6.608174504555488,10160649
SOUTHBANK,2009-06-05,6.604715824127197,7.265533317873656,6.5320605930087074,7.071785791890429,17133058
SOUTHBANK,2009-06-08,6.258737087249756,6.746565297115788,6.196461393735499,6.649691915093429,8111226
SOUTHBANK,2009-06-09,6.237978458404541,6.296795043145207,6.08920853356382,6.227599661451691,11553363
SOUTHBANK,2009-06-10,6.338311672210693,6.504380422935531,6.248357249191941,6.3659896758312335,4473786
SOUTHBANK,2009-06-11,5.964656829833984,6.369450716095368,5.9265989298171124,6.365990873866483,7911272
SOUTHBANK,2009-06-12,5.933518886566162,6.186081517820859,5.888541305553501,6.085748652411999,3537927
SOUTHBANK,2009-06-15,5.89892053604126,6.054610510174289,5.815886150470929,5.888541374532784,3300214
SOUTHBANK,2009-06-16,6.127267360687256,6.2172210789383096,5.815887002313055,5.833185850361472,3335521
SOUTHBANK,2009-06-17,5.916220188140869,6.428267032887456,5.860863437545823,6.07537039047551,4142139
SOUTHBANK,2009-06-18,6.058070659637451,6.123806571485362,5.795127741247577,5.888542027689577,3423103
SOUTHBANK,2009-06-19,5.933518886566162,6.158404240123598,5.812426604881002,6.058069916711383,1820305
SOUTHBANK,2009-06-22,6.037312984466553,6.148026130264548,5.950818737984752,6.020014135170193,1485046
SOUTHBANK,2009-06-23,6.089209079742432,6.148025305257844,5.618679640119999,5.895461556221172,2760130
SOUTHBANK,2009-06-24,6.1203460693359375,6.352151839259247,6.054610529075086,6.189542180612384,4275611
SOUTHBANK,2009-06-25,6.282956123352051,6.345232554519569,6.168783516713623,6.189542570103375,3775275
SOUTHBANK,2009-06-26,6.424806594848633,6.469783808746576,6.165322836745487,6.227599259450962,4542864
SOUTHBANK,2009-06-29,6.538979530334473,6.642773330642458,6.331392658720175,6.362530507211901,3501570
SOUTHBANK,2009-06-30,6.300256252288818,6.642774851101622,6.241439654784922,6.622015065685992,2565899
SOUTHBANK,2009-07-01,6.303714275360107,6.365989968620956,6.17916215983678,6.296794591886317,1244461
SOUTHBANK,2009-07-02,6.241439342498779,6.3936702282442806,6.1757037918144935,6.3936702282442806,806916
SOUTHBANK,2009-07-03,6.4178876876831055,6.4559452226617715,6.158404627192511,6.193002319991142,1907842
SOUTHBANK,2009-07-06,6.061529636383057,6.570116491932331,5.971574851491991,6.56665665045566,2208071
SOUTHBANK,2009-07-07,6.15494441986084,6.206841320480784,5.878162164890605,6.15494441986084,1146583
SOUTHBANK,2009-07-08,5.90238094329834,6.09612846901849,5.812427229608033,5.957737691647707,4794794
SOUTHBANK,2009-07-09,5.89892053604126,5.985414763614696,5.881622055027416,5.881622055027416,6767484
SOUTHBANK,2009-07-10,6.033851623535156,6.082288680978499,5.916219186316561,5.916219186316561,2402147
SOUTHBANK,2009-07-13,6.033851623535156,6.189541957031138,5.812426481154512,5.847023806541308,2995213
SOUTHBANK,2009-07-14,6.532059669494629,6.57357704269279,6.1203457793630065,6.151484356012868,3625011
SOUTHBANK,2009-07-15,6.7846245765686035,6.8503601217183725,6.400589374480177,6.5804975275751065,15525841
SOUTHBANK,2009-07-16,6.80192232131958,7.057945518614685,6.6427732391101895,6.988750138697268,4856006
SOUTHBANK,2009-07-17,7.0821661949157715,7.147901742720464,6.791543806405779,6.8503603983903245,5620038
SOUTHBANK,2009-07-20,7.210176467895508,7.313969539108387,7.06486529339547,7.265532480941708,3444622
SOUTHBANK,2009-07-21,7.127141952514648,7.217096387909997,7.044107201226895,7.134060907620547,2207353
SOUTHBANK,2009-07-22,7.182497501373291,7.448900219219699,7.092543800815814,7.127141490107405,4040561
SOUTHBANK,2009-07-23,7.327808380126953,7.448900664385134,7.05794580432354,7.05794580432354,4346589
SOUTHBANK,2009-07-24,7.4246826171875,7.47657951955237,7.272452481185697,7.4004644515514695,1868912
SOUTHBANK,2009-07-27,7.760282039642334,7.794879734100186,7.403924839024178,7.438522533482029,4765177
SOUTHBANK,2009-07-28,8.237730979919434,8.400339914206596,7.974788082368123,7.974788082368123,9751054
SOUTHBANK,2009-07-29,8.165075302124023,8.303466804330455,7.611511480303496,8.289627435409292,3971472
SOUTHBANK,2009-07-30,8.040523529052734,8.28270737105292,7.836395762835062,8.275787686909718,3634976
SOUTHBANK,2009-07-31,8.265412330627441,8.338067586374398,8.061285208432368,8.09242307103792,2855566
SOUTHBANK,2009-08-03,8.445318222045898,8.531812828016436,8.16161623522333,8.168536649343064,3741150
SOUTHBANK,2009-08-04,8.358824729919434,8.54565186269433,8.286168761837857,8.448778453588623,1681475
SOUTHBANK,2009-08-05,8.303465843200684,8.41417859474974,8.213511413628854,8.407258911090116,1566640
SOUTHBANK,2009-08-06,8.192754745483398,8.44185903350549,8.09588061269643,8.234272126820414,1696610
SOUTHBANK,2009-08-07,8.099340438842773,8.365743938967205,7.729144579088432,8.033604159941078,2706043
SOUTHBANK,2009-08-10,8.113180160522461,8.331145874795396,8.02668555174679,8.171996756930575,1559614
SOUTHBANK,2009-08-11,8.04398250579834,8.213511104061375,7.960947034014095,7.960947034014095,759811
SOUTHBANK,2009-08-12,8.057822227478027,8.154695621087425,7.922891299057488,7.992086684350161,689662
SOUTHBANK,2009-08-13,8.295656204223633,8.327548792403446,8.178716216449855,8.178716216449855,879927
SOUTHBANK,2009-08-14,8.168087005615234,8.377161083597208,8.150367737077943,8.362986266104816,536615
SOUTHBANK,2009-08-17,7.86687707901001,8.150367445335915,7.817265966234267,8.136193375022685,727499
SOUTHBANK,2009-08-18,7.845615386962891,8.00507834035117,7.764110938186151,7.831439823691397,895581
SOUTHBANK,2009-08-19,7.689695358276367,8.065321312995968,7.586930168403023,8.001535379047148,726438
SOUTHBANK,2009-08-20,7.7357635498046875,7.866878388729351,7.6259109398973814,7.792462080512404,414367
SOUTHBANK,2009-08-21,8.1113862991333,8.207064051439822,7.618820483908658,7.618820483908658,1992939
SOUTHBANK,2009-08-24,8.37716007232666,8.657107457304221,8.221240085419838,8.292112670982627,5218220
SOUTHBANK,2009-08-25,8.288570404052734,8.430316346424965,8.249591147239785,8.419685232745882,1144783
SOUTHBANK,2009-08-26,8.203520774841309,8.36298445032051,8.093668203142037,8.36298445032051,1083217
SOUTHBANK,2009-08-27,8.175174713134766,8.345268795900791,8.0865828472414,8.0865828472414,475867
SOUTHBANK,2009-08-28,8.270851135253906,8.398422236364116,8.118474853374368,8.214152619203245,1197621
SOUTHBANK,2009-08-31,8.196436882019043,8.292114671611364,8.136194647085901,8.192893177218748,529788
SOUTHBANK,2009-09-01,8.295656204223633,8.504730999336156,8.164541400960294,8.221239916246837,1996485
SOUTHBANK,2009-09-02,8.146824836730957,8.341724845264453,8.093670017432073,8.341724845264453,776261
SOUTHBANK,2009-09-03,8.338179588317871,8.412595873477095,8.146823319812489,8.146823319812489,1034676
SOUTHBANK,2009-09-04,8.38779067993164,8.696087677938452,8.362984753805671,8.426769927643402,3648917
SOUTHBANK,2009-09-07,8.426772117614746,8.64647881942747,8.313376555398877,8.497646210679317,2275491
SOUTHBANK,2009-09-08,8.341724395751953,8.504731802590822,8.29920143861046,8.504731802590822,954263
SOUTHBANK,2009-09-09,8.448034286499023,8.483469836308023,8.260220944477512,8.398423172757202,1103190
SOUTHBANK,2009-09-10,8.348811149597168,8.646477826245569,8.235415600406535,8.504731896413727,3874898
SOUTHBANK,2009-09-11,8.557887077331543,9.022104180433578,8.331094456175538,8.426772243223287,11993272
SOUTHBANK,2009-09-14,8.430314064025879,8.660650318014353,8.366528892564087,8.557884406949462,2701204
SOUTHBANK,2009-09-15,8.476381301879883,8.611039807959534,8.409052422175904,8.448033164466482,4781869
SOUTHBANK,2009-09-16,8.7173490524292,8.915792725774171,8.50473056431971,8.50473056431971,11374675
SOUTHBANK,2009-09-17,8.501188278198242,8.887445324894658,8.43385939018303,8.823659394489704,4214421
SOUTHBANK,2009-09-18,8.437403678894043,8.575605168779234,8.39842367576337,8.50473257157289,1886632
SOUTHBANK,2009-09-22,8.455120086669922,8.55434155736863,8.391334908840161,8.504731195355133,1495032
SOUTHBANK,2009-09-23,8.476381301879883,8.561429447478544,8.157453929239592,8.3984220573138,2432206
SOUTHBANK,2009-09-24,8.490556716918945,8.5401678275755,8.299201175825974,8.469295239021418,1397619
SOUTHBANK,2009-09-25,8.621670722961426,8.78113440564658,8.451575928984816,8.54016702973694,8480676
SOUTHBANK,2009-09-29,8.540166854858398,8.887443843228002,8.483468342469996,8.650019429272291,4048813
SOUTHBANK,2009-09-30,8.805939674377441,8.859094484700613,8.419683426931655,8.575603407429833,14417624
SOUTHBANK,2009-10-01,8.632304191589355,8.929969415664095,8.575605662556518,8.823660513733385,3633518
SOUTHBANK,2009-10-05,8.518906593322754,8.646477704371739,8.479925847164223,8.504731776537833,2662506
SOUTHBANK,2009-10-06,8.572060585021973,8.632302057219542,8.33463616007196,8.62521390283715,3202480
SOUTHBANK,2009-10-07,8.756330490112305,8.965405309003126,8.586235671579313,8.635846784763398,3851544
SOUTHBANK,2009-10-08,8.905159950256348,9.07171025925159,8.717347423088404,8.85200515149611,8400274
SOUTHBANK,2009-10-09,9.057539939880371,9.266614771691456,8.929968818097073,8.929968818097073,11345467
SOUTHBANK,2009-10-12,9.341028213500977,9.674130360640497,9.213457877437977,9.284330452288888,21361951
SOUTHBANK,2009-10-13,9.341028213500977,9.341028213500977,9.341028213500977,9.341028213500977,0
SOUTHBANK,2009-10-14,10.039128303527832,10.230484615512912,9.397728981247758,9.426078617595056,20768642
SOUTHBANK,2009-10-15,10.120630264282227,10.304899895577105,9.922186562891271,10.241113966793582,8983851
SOUTHBANK,2009-10-16,10.134803771972656,10.26946151726604,10.032037864594429,10.198588941146193,5686675
SOUTHBANK,2009-10-20,10.811640739440918,11.339642215740467,10.609653331906166,10.708874810224554,25892442
SOUTHBANK,2009-10-21,10.375771522521973,10.9108610990837,10.2411130157479,10.843531472360816,7789323
SOUTHBANK,2009-10-22,10.095826148986816,10.343880988618935,9.93281947228166,10.343880988618935,4931635
SOUTHBANK,2009-10-23,10.31198787689209,10.545867886525189,10.173785645742456,10.205678985242082,4013727
SOUTHBANK,2009-10-26,10.1525239944458,10.41120993042757,10.028496582948325,10.38286029579606,2681408
SOUTHBANK,2009-10-27,9.486319541931152,10.127717282549524,9.380009913610886,9.92927358880256,4773307
SOUTHBANK,2009-10-28,9.589083671569824,9.780439936293275,8.976034137049492,9.496948869540452,4910999
SOUTHBANK,2009-10-29,9.319768905639648,9.49695114481119,9.213460756811656,9.461514846311248,3086761
SOUTHBANK,2009-10-30,9.309137344360352,9.900924722722804,9.24180846051621,9.603258808174457,3600951
SOUTHBANK,2009-11-03,8.947685241699219,9.560735573180859,8.859094882742449,9.546560757345352,5856215
SOUTHBANK,2009-11-04,9.178020477294922,9.348115247490517,9.007925707099329,9.139040488014397,2147311
SOUTHBANK,2009-11-05,9.376466751098633,9.447339342957607,9.071713411430201,9.213460088491706,6963869
SOUTHBANK,2009-11-06,9.511124610900879,9.745004595758227,9.482775725465004,9.489863133491903,2533487
SOUTHBANK,2009-11-09,9.932819366455078,10.028497148718829,9.567824520028877,9.63160970820471,4381465
SOUTHBANK,2009-11-10,9.93990421295166,10.27300563274276,9.592627232027816,9.993057527165863,4688554
SOUTHBANK,2009-11-11,10.120630264282227,10.191502854777903,9.922186562891271,9.957623604810873,2905566
SOUTHBANK,2009-11-12,9.86548900604248,10.134806050521437,9.78752900544904,9.99305937307045,1658464
SOUTHBANK,2009-11-13,9.946991920471191,10.102911909267938,9.851313406131496,9.92218599255334,2584580
SOUTHBANK,2009-11-16,10.04975700378418,10.095824408536654,9.872575539357412,10.0603881156513,3271050
SOUTHBANK,2009-11-17,10.156064987182617,10.308441245956507,9.93990356086157,9.993056871588742,6278669
SOUTHBANK,2009-11-18,10.276552200317383,10.524607042486892,10.170242555575106,10.237572196357709,5342633
SOUTHBANK,2009-11-19,9.97888469696045,10.27655061085869,9.858400999113593,10.273006906803923,1790035
SOUTHBANK,2009-11-20,10.184415817260742,10.262376559935351,9.85485731294326,9.993058784643019,2204944
SOUTHBANK,2009-11-23,10.45373249053955,10.549411010430088,10.205678423672104,10.27655101420566,4684566
SOUTHBANK,2009-11-24,10.513973236083984,10.630913972991507,10.311986591135348,10.48916880179842,11129727
SOUTHBANK,2009-11-25,10.414753913879395,10.489170965444975,10.347425018341626,10.489170965444975,4092847
SOUTHBANK,2009-11-26,10.134803771972656,10.482079992297185,10.039125271540737,10.47499258535088,1787749
SOUTHBANK,2009-11-27,9.950535774230957,10.071019471630255,9.394183946431843,9.922186141898136,4180031
SOUTHBANK,2009-11-30,9.854856491088867,10.191501628782191,9.780440205353202,10.028494988919867,6170694
SOUTHBANK,2009-12-01,10.1525239944458,10.234027700667806,9.982429173343915,10.078107696881673,3149443
SOUTHBANK,2009-12-02,10.205678939819336,10.40766635572562,10.134806345701433,10.177329304834732,2379235
SOUTHBANK,2009-12-03,10.156064987182617,10.30489754257371,10.06393093924468,10.205676087870179,1325856
SOUTHBANK,2009-12-04,10.166696548461914,10.265918761527033,9.993058048933799,9.993058048933799,1082742
SOUTHBANK,2009-12-07,10.1525239944458,10.630915118791012,10.102912880512452,10.269463997285401,2500190
SOUTHBANK,2009-12-08,10.180871963500977,10.311986771822179,10.063932717887868,10.159610486118154,1226531
SOUTHBANK,2009-12-09,10.141892433166504,10.269463543354014,10.06747613889173,10.205678361596139,746942
SOUTHBANK,2009-12-10,10.290726661682129,10.336794823263608,10.099370339241533,10.20567998800888,3356267
SOUTHBANK,2009-12-11,10.237570762634277,10.41475223460489,10.141892245099923,10.347423349923233,1496844
SOUTHBANK,2009-12-14,10.166696548461914,10.319072825188213,10.081649897269688,10.141891368531475,2612264
SOUTHBANK,2009-12-15,9.950535774230957,10.273006868642952,9.925729845939738,10.202134281154361,973695
SOUTHBANK,2009-12-16,10.067477226257324,10.184417236558362,9.734374971457605,9.922187579515906,1112448
SOUTHBANK,2009-12-17,10.315529823303223,10.418295747161302,9.950535773752993,10.000146883661316,2188539
SOUTHBANK,2009-12-18,10.244656562805176,10.276549897082868,10.134804731424307,10.276549897082868,1049876
SOUTHBANK,2009-12-21,10.26237678527832,10.304899741602945,10.067476044319738,10.276550855162611,1371271
SOUTHBANK,2009-12-22,10.280094146728516,10.34033562133051,10.21276526413294,10.22693933344838,601749
SOUTHBANK,2009-12-23,10.283637046813965,10.382858510952412,10.21630742281008,10.21630742281008,859092
SOUTHBANK,2009-12-24,10.276552200317383,10.375773689182076,10.212767010809497,10.276552200317383,628936
SOUTHBANK,2009-12-29,10.230484008789062,10.347424011770974,10.191503261123298,10.280095122782786,2662186
SOUTHBANK,2009-12-30,10.269464492797852,10.400579319279633,10.09936966348871,10.22339708097064,2509790
SOUTHBANK,2009-12-31,10.595479011535645,10.83998938789975,10.32970640881791,10.34742418410746,16732598
SOUTHBANK,2010-01-04,10.630915641784668,10.83290306511209,10.563586749566136,10.627371937281394,5966709
SOUTHBANK,2010-01-05,10.570672988891602,10.804553743389217,10.503344099367387,10.73368114950354,2297431
SOUTHBANK,2010-01-06,10.45373249053955,10.737224346017305,10.397034716781413,10.630914713545206,2301154
SOUTHBANK,2010-01-07,10.308444023132324,10.56004255106396,10.241114387391644,10.56004255106396,2932090
SOUTHBANK,2010-01-08,10.32616138458252,10.464363598201318,10.184415467024388,10.428926558808001,2637451
SOUTHBANK,2010-01-11,10.414753913879395,10.545868746948821,10.347425018341626,10.418297618557368,3232219
SOUTHBANK,2010-01-12,10.340336799621582,10.474995326828923,10.244658274149025,10.474995326828923,2000616
SOUTHBANK,2010-01-13,10.407665252685547,10.489168951284634,10.311986738096452,10.414751914008827,2660540
SOUTHBANK,2010-01-14,10.340336799621582,10.63091533376805,10.283639022555613,10.510431624163106,8952157
SOUTHBANK,2010-01-15,10.269464492797852,10.595479333416428,10.177329669143429,10.411210432779411,4783382
SOUTHBANK,2010-01-18,10.382859230041504,10.485625151688673,10.2623762819118,10.26946294317047,3523941
SOUTHBANK,2010-01-19,10.365140914916992,10.489169062804756,10.280094258087916,10.418295728772929,5385463
SOUTHBANK,2010-01-20,10.620283126831055,12.027108242144816,10.315529806467366,10.623826830866705,6245428
SOUTHBANK,2010-01-21,10.375771522521973,10.701786304532693,10.319073007387706,10.623826312892884,2929637
SOUTHBANK,2010-01-22,10.173786163330078,10.2411150567999,9.217004596460493,9.929275028091022,1733474
SOUTHBANK,2010-01-25,9.954081535339355,10.843534260142201,9.91510152949802,10.340337888978777,1747902
SOUTHBANK,2010-01-27,9.532384872436523,10.148978092053337,9.39772637711654,9.993057375364689,1566143
SOUTHBANK,2010-01-28,9.532384872436523,9.773352234584939,9.404813784239428,9.702479656699317,1423182
SOUTHBANK,2010-01-29,9.776896476745605,9.88674979985882,9.255981731247862,9.532385397565882,1796432
SOUTHBANK,2010-02-01,9.950535774230957,10.028495769802754,9.674132085688068,9.709568379432364,7021922
SOUTHBANK,2010-02-02,9.776896476745605,10.134804582795207,9.730829074580656,10.000146080057023,1410080
SOUTHBANK,2010-02-03,9.75917911529541,9.975340573517796,9.674131714900087,9.908011692651375,760496
SOUTHBANK,2010-02-04,9.6741304397583,9.904466683243317,9.581995643695652,9.847768174895931,546038
SOUTHBANK,2010-02-05,9.468600273132324,9.677675825676552,9.27724398753366,9.677675825676552,2386372
SOUTHBANK,2010-02-08,9.737918853759766,9.886751449689045,9.39064180102905,9.433165506533387,1187491
SOUTHBANK,2010-02-09,9.737918853759766,9.840684039836699,9.674132922167363,9.74500551578399,686271
SOUTHBANK,2010-02-10,9.922184944152832,10.028494559224406,9.709567207352968,9.833594593822044,14423435
SOUTHBANK,2010-02-11,9.90446662902832,10.134803617924124,9.801701469883731,10.060386592790648,895802
SOUTHBANK,2010-02-15,9.780441284179688,9.993059053542373,9.720199060190032,9.815878325745226,719511
SOUTHBANK,2010-02-16,9.922184944152832,9.950534573063461,9.709567207352968,9.851312365219545,940598
SOUTHBANK,2010-02-17,10.145434379577637,10.205676593397623,9.985970706139288,9.985970706139288,3269205
SOUTHBANK,2010-02-18,10.113543510437012,10.276550915095152,10.067476103032961,10.241113873498376,1031593
SOUTHBANK,2010-02-19,9.932819366455078,10.12063122645372,9.918643801667798,9.964711960542996,9623028
SOUTHBANK,2010-02-22,9.918643951416016,10.063934345949203,9.876120989771353,9.943449883492557,4302213
SOUTHBANK,2010-02-23,9.922184944152832,9.97179604807479,9.815876822424544,9.957621980291119,544259
SOUTHBANK,2010-02-24,9.897382736206055,9.993060522481985,9.798160498580794,9.922187922276436,441510
SOUTHBANK,2010-02-25,9.908012390136719,10.017864978933995,9.83359609622012,9.886750911877014,491587
SOUTHBANK,2010-02-26,10.255289077758789,10.404122418075467,9.8548579592976,9.922186847532807,2103520
SOUTHBANK,2010-03-02,10.350966453552246,10.542322730848296,10.311986457312834,10.340335341849213,929429
SOUTHBANK,2010-03-03,10.407665252685547,10.51043042859792,10.283637852788164,10.464363769973847,1208845
SOUTHBANK,2010-03-04,10.535236358642578,10.666350419888904,10.411208958720918,10.56004153995822,3579066
SOUTHBANK,2010-03-05,10.560042381286621,10.694700157259453,10.467907563336528,10.630914973553562,1300967
SOUTHBANK,2010-03-08,10.591935157775879,10.808097389297103,10.56004256536699,10.701787752371743,1897635
SOUTHBANK,2010-03-09,10.513973236083984,10.737223598058037,10.474993986010427,10.687612489471771,1274509
SOUTHBANK,2010-03-10,10.492712020874023,10.595477944557633,10.46082017789874,10.492712020874023,712253
SOUTHBANK,2010-03-11,10.304899215698242,10.560041420655464,10.276550330704678,10.556497716697304,819212
SOUTHBANK,2010-03-12,10.368685722351074,10.485626474612904,10.319074607250876,10.35451165137374,646899
SOUTHBANK,2010-03-15,10.368685722351074,10.47853906578833,10.294269423036681,10.407666470886225,566729
SOUTHBANK,2010-03-16,10.42183780670166,10.467905205299402,10.251743026239723,10.382857815068434,2055377
SOUTHBANK,2010-03-17,10.79037857055664,10.91440597910757,10.443101527945329,10.556498570433783,7927291
SOUTHBANK,2010-03-18,10.971102714538574,11.15537233112516,10.808096068078319,10.808096068078319,5477188
SOUTHBANK,2010-03-19,11.09512996673584,11.261681061606192,10.7372233432981,10.949841095042993,3325313
SOUTHBANK,2010-03-22,11.088044166564941,11.311293808937224,10.86125231315958,11.02071527675149,3278208
SOUTHBANK,2010-03-23,11.049064636230469,11.229789821575693,10.843532774195243,11.18726611678768,2071627
SOUTHBANK,2010-03-25,11.183724403381348,11.343187380737227,11.056153274824776,11.233334775593457,8062165
SOUTHBANK,2010-03-26,11.732985496520996,11.80385808064457,11.268768502501024,11.286486275196069,8161325
SOUTHBANK,2010-03-29,12.175939559936523,12.3318587879472,11.36090190317846,11.36090190317846,8530487
SOUTHBANK,2010-03-30,12.420451164245605,12.579914102744764,12.154678604518095,12.260986732403076,8100521
SOUTHBANK,2010-03-31,12.625981330871582,12.718114636755885,12.402731739923501,12.402731739923501,6593513
SOUTHBANK,2010-04-01,12.491324424743652,12.941366620783207,12.402733317805895,12.679137003981186,6818113
SOUTHBANK,2010-04-05,12.409820556640625,12.686225002349966,12.370841304046468,12.686225002349966,3871860
SOUTHBANK,2010-04-06,12.438169479370117,12.544477611893525,12.370840597213709,12.427539114120806,7478666
SOUTHBANK,2010-04-07,12.434626579284668,12.679137689245442,12.335404354950542,12.438170283487441,7518491
SOUTHBANK,2010-04-08,12.551566123962402,12.664961660916786,12.40273280169846,12.438169093664628,1513459
SOUTHBANK,2010-04-09,12.742921829223633,12.792532190660967,12.41690778928122,12.480693713041903,1435908
SOUTHBANK,2010-04-12,12.739377975463867,13.01932610126067,12.579914287945408,12.9342787016946,2030421
SOUTHBANK,2010-04-13,12.565742492675781,12.820883229032923,12.48423804040558,12.718117297623555,1083394
SOUTHBANK,2010-04-15,12.60826587677002,12.96971626104553,12.413365120274428,12.891756257116018,2137546
SOUTHBANK,2010-04-16,12.420451164245605,12.714573354525578,12.377927465088602,12.54447706455419,1871475
SOUTHBANK,2010-04-19,11.920799255371094,12.402734070071032,11.871188142876273,12.20074666253733,5493725
SOUTHBANK,2010-04-20,11.973953247070312,12.260987296240108,11.910167322065687,12.048369537349275,1669633
SOUTHBANK,2010-04-21,12.034195899963379,12.16885442445243,12.00584701200266,12.097981831214737,3323800
SOUTHBANK,2010-04-22,12.05191421508789,12.349579400254148,11.934973467576253,12.119243102842777,1638038
SOUTHBANK,2010-04-23,12.26098918914795,12.402735130296946,12.087350653908773,12.186572887380255,1959444
SOUTHBANK,2010-04-26,12.445258140563965,12.54447887513162,12.338948503991665,12.399190730938875,1108172
SOUTHBANK,2010-04-27,12.6826810836792,12.750009968543885,12.441713683806725,12.470062570064737,2047279
SOUTHBANK,2010-04-28,12.271618843078613,12.491324764391335,11.906624786712854,12.402733655044726,1373204
SOUTHBANK,2010-04-29,12.40273380279541,12.636614543324713,12.307055284093797,12.307055284093797,2248260
SOUTHBANK,2010-04-30,12.39210319519043,12.650788381963586,12.260988376320865,12.544478746481547,2053057
SOUTHBANK,2010-05-03,10.878969192504883,11.90662471032326,10.205678109799441,11.694005451918107,53296345
SOUTHBANK,2010-05-04,10.567129135131836,11.22624619029671,10.52460617673906,11.091587666480287,11221949
SOUTHBANK,2010-05-05,10.662808418273926,10.758486194785657,10.276551367895804,10.489169893485972,5570768
SOUTHBANK,2010-05-06,10.574217796325684,10.808098575221084,10.471452599138455,10.630916325351937,4495902
SOUTHBANK,2010-05-07,10.400578498840332,10.489169611006407,10.287182203803335,10.347423682206333,3727474
SOUTHBANK,2010-05-10,10.400578498840332,10.698243679978477,10.333249611996564,10.627371088914325,3639251
SOUTHBANK,2010-05-11,10.205678939819336,10.556498952707578,10.145436712148856,10.418296722173045,4094327
SOUTHBANK,2010-05-12,10.046212196350098,10.343878069231776,9.993057389524747,10.343878069231776,3638699
SOUTHBANK,2010-05-13,10.241113662719727,10.446644766392078,10.063932938413055,10.063932938413055,9083894
SOUTHBANK,2010-05-14,10.375771522521973,10.474993737339016,10.205677470462563,10.273006350513752,4216851
SOUTHBANK,2010-05-17,10.329706192016602,10.38286026344146,10.177329146362446,10.276551373919952,2535365
SOUTHBANK,2010-05-18,10.343880653381348,11.69400666266309,10.297813242180183,11.69400666266309,5492532
SOUTHBANK,2010-05-19,10.783291816711426,11.623133288770724,10.418296255991333,10.418296255991333,25187811
SOUTHBANK,2010-05-20,11.03134536743164,11.332554984829558,10.783291310757262,10.783291310757262,5815827
SOUTHBANK,2010-05-21,11.006539344787598,11.119935625651662,10.655719390862993,10.783290486836943,4187554
SOUTHBANK,2010-05-24,11.02425765991211,11.24396357157677,10.985278409783673,11.123479877224336,3044196
SOUTHBANK,2010-05-25,10.953386306762695,11.268770020604926,10.847077416255635,10.99236630794913,28271070
SOUTHBANK,2010-05-26,11.169546127319336,11.29711722491656,11.002995781017288,11.002995781017288,5070266
SOUTHBANK,2010-05-27,11.435322761535645,11.481389428282561,11.162461238973517,11.261683475055772,4242193
SOUTHBANK,2010-05-28,11.903080940246582,12.048369820233736,11.414057992635051,11.580609843685275,10129905
SOUTHBANK,2010-05-31,12.04482650756836,12.190115392276715,11.849926511006506,11.903081327040379,4647690
SOUTHBANK,2010-06-01,11.903080940246582,12.3318601720776,11.8357513096791,12.151134998109963,4583606
SOUTHBANK,2010-06-02,11.722354888916016,12.076718571441823,11.694005256710307,12.07317486741611,3101940
SOUTHBANK,2010-06-03,11.701093673706055,12.041282547754125,11.658569971116078,11.93497291794331,3359427
SOUTHBANK,2010-06-04,11.949148178100586,12.073175586371185,11.626677065931386,11.768422995385686,4628899
SOUTHBANK,2010-06-07,11.832209587097168,11.963323664506524,11.424690297113482,11.694006607474094,1865399
SOUTHBANK,2010-06-08,11.750703811645508,12.027108246495727,11.658569746700499,11.90308084521834,2261252
SOUTHBANK,2010-06-09,11.54162883758545,11.832208084322506,11.495561432452584,11.78968363650289,1736777
SOUTHBANK,2010-06-10,11.65502643585205,11.764879024687648,11.41051458241374,11.552260508657655,1754784
SOUTHBANK,2010-06-11,11.732985496520996,11.83575066883301,11.569978105033758,11.779052900202828,1328629
SOUTHBANK,2010-06-14,11.775507926940918,12.04128046209014,11.729440528225107,11.835749392950474,4308090
SOUTHBANK,2010-06-15,11.725898742675781,11.821576512576623,11.626676522032238,11.821576512576623,3090440
SOUTHBANK,2010-06-16,11.520369529724121,11.821578451792664,11.48138952522095,11.764880670699975,2100129
SOUTHBANK,2010-06-17,11.399884223937988,11.587696810993254,11.343185704069654,11.587696810993254,1813168
SOUTHBANK,2010-06-18,11.268768310546875,11.509736436471387,11.233332019088715,11.47075569452856,1855457
SOUTHBANK,2010-06-21,11.24750804901123,11.477844341700191,11.226245823837118,11.339642118083756,2052184
SOUTHBANK,2010-06-22,11.321925163269043,11.779054824210531,11.127025151758119,11.212071818595033,8517087
SOUTHBANK,2010-06-23,11.56998062133789,11.722356934344736,11.350274666765895,11.371536894630212,6460130
SOUTHBANK,2010-06-24,11.591239929199219,11.679831035346195,11.509736977683193,11.616045110384816,2598389
SOUTHBANK,2010-06-25,11.7152681350708,11.800315543093705,11.569979248590206,11.580610361261012,4174762
SOUTHBANK,2010-06-28,11.775507926940918,11.82157457898511,11.697547943474659,11.697547943474659,2178155
SOUTHBANK,2010-06-29,11.821578025817871,12.012934336786184,11.747161724145297,11.77551136034196,4536368
SOUTHBANK,2010-06-30,11.761335372924805,11.881819829087316,11.640852410105909,11.803859825691672,1765246
SOUTHBANK,2010-07-01,12.062541961669922,12.190113047610934,11.76133239097545,11.764876841145844,10539522
SOUTHBANK,2010-07-02,12.108612060546875,12.307055767370525,12.069632060039941,12.175941695365607,3660649
SOUTHBANK,2010-07-05,12.172396659851074,12.253900356240324,12.009388520400872,12.012932224302292,3048449
SOUTHBANK,2010-07-06,12.431262016296387,12.489200050639187,12.10536238523154,12.311765535772285,4285719
SOUTHBANK,2010-07-07,12.529031753540039,12.586969789296587,12.420399557861177,12.438504669475941,3174973
SOUTHBANK,2010-07-08,13.159106254577637,13.307571382821035,12.57248656586852,12.659392479941,9426941
SOUTHBANK,2010-07-09,13.629849433898926,14.006444005281647,13.184452537272442,13.184452537272442,15471467
SOUTHBANK,2010-07-12,13.521215438842773,13.937642927030764,13.41620289156312,13.76020840693454,4007906
SOUTHBANK,2010-07-13,13.662439346313477,13.760209551847376,13.437931059302958,13.615365594162553,3178386
SOUTHBANK,2010-07-14,13.463277816772461,13.825389197458405,13.405339019228956,13.695028428975759,3957111
SOUTHBANK,2010-07-15,13.662439346313477,13.745724850880812,13.18807454560095,13.503112213652496,5097342
SOUTHBANK,2010-07-16,13.973855018615723,14.180257417298636,13.695029119352503,13.734860518681351,7063923
SOUTHBANK,2010-07-19,13.88694953918457,14.1911237232564,13.550187825446438,13.550187825446438,3237864
SOUTHBANK,2010-07-20,13.800041198730469,14.16939340914642,13.76020827476929,14.122319661364385,3556088
SOUTHBANK,2010-07-21,13.651575088500977,13.977474702380675,13.608120992788933,13.868840989090723,2049688
SOUTHBANK,2010-07-22,13.59363842010498,13.752967077319306,13.474142690189435,13.687787449548063,1397829
SOUTHBANK,2010-07-23,13.597258567810059,13.93764290777077,13.54294246977026,13.615364442486753,1896806
SOUTHBANK,2010-07-26,13.492247581481934,13.752966073537966,13.466899356869153,13.687786450523959,1067905
SOUTHBANK,2010-07-27,13.448793411254883,13.611743230926109,13.271358891881276,13.611743230926109,1881130
SOUTHBANK,2010-07-28,13.430686950683594,13.65157555952759,13.398097903765283,13.539320667721785,1390040
SOUTHBANK,2010-07-29,13.792800903320312,13.890571114342821,13.289466672418556,13.542944375591897,7958466
SOUTHBANK,2010-07-30,13.88694953918457,14.017310339784103,13.550187825446438,13.868845186482112,3106513
SOUTHBANK,2010-08-02,13.966612815856934,14.07162384082524,13.879706140234322,13.912295189848843,15254423
SOUTHBANK,2010-08-03,13.78193473815918,14.096970837585822,13.713133943869362,14.064380264821603,2146174
SOUTHBANK,2010-08-04,13.999201774597168,14.046277050165264,13.691407999844,13.89781192535423,5421885
SOUTHBANK,2010-08-05,13.825389862060547,14.053519310383816,13.763829886711314,14.017307560178384,1727685
SOUTHBANK,2010-08-06,14.00644302368164,14.078864992872441,13.68778574884603,13.901432007649591,3573355
SOUTHBANK,2010-08-09,13.991959571838379,14.107835648466562,13.944885821764945,14.006444272165695,1983361
SOUTHBANK,2010-08-10,13.995580673217773,14.448219926111022,13.868842598001864,13.98109749895707,5831691
SOUTHBANK,2010-08-11,14.296133041381836,14.556853057277692,14.049897725145241,14.049897725145241,10557242
SOUTHBANK,2010-08-12,14.473567962646484,14.593065224766518,14.133185105253778,14.230955314990082,5462042
SOUTHBANK,2010-08-13,14.857405662536621,14.955174341095328,14.564096574879715,14.614791501761651,6288203
SOUTHBANK,2010-08-16,14.766878128051758,15.107262500744019,14.520642786741444,15.0493252221976,4602518
SOUTHBANK,2010-08-17,14.966039657592773,15.092777740036013,14.803088296466518,14.882752626399805,6610481
SOUTHBANK,2010-08-18,14.9044771194458,15.10001749843763,14.810328104597518,15.027595531475143,3270486
SOUTHBANK,2010-08-19,15.360740661621094,15.447647345089402,14.875512314752404,15.027598629324325,7754160
SOUTHBANK,2010-08-20,15.096397399902344,15.353496240240469,15.063806825750508,15.353496240240469,2532603
SOUTHBANK,2010-08-23,14.832056045532227,15.208650601610229,14.774118773671823,15.201409777869147,2973671
SOUTHBANK,2010-08-24,14.850163459777832,14.976903067228404,14.632897523278805,14.940691314816695,2659501
SOUTHBANK,2010-08-25,14.564095497131348,14.915341836088166,14.412007675759305,14.915341836088166,2673708
SOUTHBANK,2010-08-26,14.593063354492188,14.694454726631273,14.520641381818637,14.567716655950127,2540281
SOUTHBANK,2010-08-27,14.48080825805664,14.839298467542696,14.412007461264125,14.672727474891232,1862902
SOUTHBANK,2010-08-30,14.484429359436035,14.737907022010216,14.404765038397878,14.556852856734587,3036530
SOUTHBANK,2010-08-31,14.227334022521973,14.520643123326892,14.086109709180288,14.339587406933267,2295564
SOUTHBANK,2010-09-01,14.553229331970215,14.62927399982854,14.339584605005413,14.339584605005413,2151377
SOUTHBANK,2010-09-02,14.596683502197266,14.730663913316047,14.440976043008357,14.658241945739125,2219825
SOUTHBANK,2010-09-03,14.654620170593262,14.842918194171924,14.542366812144149,14.698074264953004,3893269
SOUTHBANK,2010-09-06,15.005867958068848,15.136227188837983,14.774117366706992,14.774117366706992,5673573
SOUTHBANK,2010-09-07,15.060186386108398,15.172441287677149,15.027597336355777,15.034839686520879,3851301
SOUTHBANK,2010-09-08,14.900858879089355,15.107261275541303,14.85016242923111,15.060186000672932,2960713
SOUTHBANK,2010-09-09,15.052945137023926,15.121745935659973,14.918963188741865,14.918963188741865,4506684
SOUTHBANK,2010-09-13,15.317282676696777,15.462126603788406,15.103637960536132,15.157954051697969,10689133
SOUTHBANK,2010-09-14,14.857405662536621,15.41143478699433,14.824816611680516,15.382466911343393,8690737
SOUTHBANK,2010-09-15,15.143468856811523,15.28107195642378,14.91533945023046,14.91533945023046,6326172
SOUTHBANK,2010-09-16,14.998626708984375,15.498339673563784,14.937068263606099,15.281073764351518,8432101
SOUTHBANK,2010-09-17,15.273833274841309,15.444025458547001,14.940691257884671,15.165199544010544,7381064
SOUTHBANK,2010-09-20,15.969084739685059,16.1103075041422,15.42953885333922,15.42953885333922,19971545
SOUTHBANK,2010-09-21,15.864075660705566,16.476042124292924,15.762684270706004,16.15014242685833,17434877
SOUTHBANK,2010-09-22,15.646804809570312,16.03426440829079,15.498339695102755,15.96184243845272,9709318
SOUTHBANK,2010-09-23,15.643182754516602,16.620881581299507,15.353494891465429,16.620881581299507,18441813
SOUTHBANK,2010-09-24,17.81584930419922,18.177960688939105,15.389706383620544,15.860451488980448,43055948
SOUTHBANK,2010-09-27,17.634794235229492,18.35901550432065,16.982994940448418,18.105539357230512,28797079
SOUTHBANK,2010-09-28,17.381315231323242,17.96069250743336,17.30889326255825,17.381315231323242,14707332
SOUTHBANK,2010-09-29,17.127838134765625,17.671005207155872,16.982994192524323,17.526159738924324,9359553
SOUTHBANK,2010-09-30,17.345104217529297,17.381315966438407,16.72951669399648,17.272682245701333,9558947
SOUTHBANK,2010-10-01,17.852060317993164,17.960692508149886,17.41752697939569,17.52615916955241,13420085
SOUTHBANK,2010-10-04,17.852060317993164,18.395225846747362,17.779636823235087,18.033114476917763,11534611
SOUTHBANK,2010-10-05,17.924482345581055,18.033114536094256,17.77963688157978,17.888270598083185,5646845
SOUTHBANK,2010-10-06,18.793548583984375,19.51776984181592,17.9606936033815,18.10553907574004,31239505
SOUTHBANK,2010-10-07,19.735036849975586,20.06093803626667,18.61249391471545,19.372926964080563,35944685
SOUTHBANK,2010-10-08,19.3729248046875,20.169567990849504,19.11944714981955,19.988512305088083,20608966
SOUTHBANK,2010-10-11,19.51776885986328,19.916090455331275,19.409135142557385,19.626402577169173,9219031
SOUTHBANK,2010-10-12,19.22808074951172,19.698825872185502,18.90218262764574,19.590192147569965,9526358
SOUTHBANK,2010-10-13,19.553977966308594,19.735032102708296,19.19186664152917,19.40913252080282,10163138
SOUTHBANK,2010-10-14,19.66261100769043,19.879878422509268,19.51776708180459,19.77124471509985,13007809
SOUTHBANK,2010-10-15,19.445348739624023,19.843670372973403,19.372926763195988,19.771248396545364,8780675
SOUTHBANK,2010-10-18,19.62640380859375,19.807459506800196,19.0108147398899,19.553981834509234,8262465
SOUTHBANK,2010-10-19,19.843671798706055,20.133361251222233,19.553983872180346,19.73503806326368,14444624
SOUTHBANK,2010-10-20,20.097150802612305,20.38684027394224,19.62640712844054,19.84367308744507,13640476
SOUTHBANK,2010-10-21,20.02472686767578,20.38683829010358,19.771249177174404,20.06093862031473,15614987
SOUTHBANK,2010-10-22,20.02472686767578,20.495470496039587,19.952304888388305,20.495470496039587,13653602
SOUTHBANK,2010-10-25,20.785160064697266,20.966214251014097,20.097148968325854,20.278204680633113,26138160
SOUTHBANK,2010-10-26,20.857580184936523,21.328323774175534,20.785158211668236,21.328323774175534,16175898
SOUTHBANK,2010-10-27,20.93000030517578,21.002422272032216,20.64031243775003,21.002422272032216,8668530
SOUTHBANK,2010-10-28,20.748945236206055,21.074844859654572,20.676523267216407,21.002422890664924,6229207
SOUTHBANK,2010-10-29,19.952302932739258,20.82136812499692,19.6988252670828,20.82136812499692,10404636
SOUTHBANK,2010-11-01,20.604103088378906,20.78515878957884,20.169569710697125,20.278203436615154,6674346
SOUTHBANK,2010-11-02,20.748945236206055,20.89378917418535,20.64031304571668,20.64031304571668,7306515
SOUTHBANK,2010-11-03,20.748945236206055,21.111056607144498,20.64031304571668,21.111056607144498,7951767
SOUTHBANK,2010-11-04,20.785160064697266,20.857582044422085,20.13336072118348,20.821370291564463,7288011
SOUTHBANK,2010-11-08,20.712736129760742,21.11105774364225,20.386836488767663,21.002424021314464,4291784
SOUTHBANK,2010-11-09,20.567890167236328,20.857578030385227,20.205778812310072,20.640312133023553,4605506
SOUTHBANK,2010-11-10,20.459259033203125,20.748946932849528,20.42304728275216,20.567892758565687,3887804
SOUTHBANK,2010-11-11,20.205781936645508,20.78515927852013,20.060937982674446,20.78515927852013,6285158
SOUTHBANK,2010-11-12,19.77124786376953,20.350625185571698,19.698825889293047,20.278203211095217,4830092
SOUTHBANK,2010-11-15,19.62640380859375,20.205781127260188,18.86597079172087,20.205781127260188,5206170
SOUTHBANK,2010-11-16,19.01081657409668,20.20578307676005,18.902184365483976,20.20578307676005,8745119
SOUTHBANK,2010-11-18,19.119449615478516,19.916092904376253,18.46765028347302,19.916092904376253,7224819
SOUTHBANK,2010-11-19,19.264291763305664,19.55398117587649,18.865970156262257,19.264291763305664,7094673
SOUTHBANK,2010-11-22,19.553977966308594,19.843665805340123,18.865967059623696,19.481554480560703,4870600
SOUTHBANK,2010-11-23,19.445348739624023,19.553982467261257,19.047027106274644,19.409136988414826,3564758
SOUTHBANK,2010-11-24,19.264291763305664,19.879880811274756,19.11944782001538,19.879880811274756,3997891
SOUTHBANK,2010-11-25,18.757333755493164,19.445344676794917,18.68491179419667,19.264289010558663,3881611
SOUTHBANK,2010-11-26,18.467649459838867,20.133359467782274,17.743428181686618,20.133359467782274,6769154
SOUTHBANK,2010-11-29,18.829757690429688,18.90217965344791,18.46764634934851,18.61249027538495,4970005
SOUTHBANK,2010-11-30,18.540071487426758,19.01081509065692,18.46764951200599,18.902182890520937,5717928
SOUTHBANK,2010-12-01,19.445348739624023,19.51777071605206,18.54007174528803,18.54007174528803,4458660
SOUTHBANK,2010-12-02,19.952302932739258,20.097146877117158,19.59019154580424,19.807458988361358,7835597
SOUTHBANK,2010-12-03,19.40913963317871,20.097150791981633,19.300507416729193,20.097150791981633,2710737
SOUTHBANK,2010-12-06,19.01081657409668,20.241994830291254,18.97460634655593,19.843671645409827,4279312
SOUTHBANK,2010-12-07,18.467649459838867,19.771248065710985,18.431439235225938,19.481558638855883,10887012
SOUTHBANK,2010-12-08,18.069326400756836,18.7573358737657,17.96069268354903,18.7573358737657,7917042
SOUTHBANK,2010-12-09,16.801937103271484,18.322802948191427,16.548459462451493,18.322802948191427,10201539
SOUTHBANK,2010-12-10,17.41752815246582,17.888271744156707,16.33119549580275,16.765728863666038,8595509
SOUTHBANK,2010-12-13,17.562374114990234,17.9244855507593,17.345106643132606,17.743429832874767,5400253
SOUTHBANK,2010-12-14,18.467649459838867,18.467649459838867,17.634794455867162,17.707216431083356,7202196
SOUTHBANK,2010-12-15,18.431438446044922,18.50386041816021,18.105538808530973,18.467648669107433,4862712
SOUTHBANK,2010-12-16,18.250381469726562,18.540069337822146,17.852059888100055,18.46764737079825,5500183
SOUTHBANK,2010-12-20,18.141752243041992,18.39522995331121,18.033118502643603,18.105542013569554,1800634
SOUTHBANK,2010-12-21,17.924482345581055,18.322803938106603,17.81584862907765,18.14174825259766,4093426
SOUTHBANK,2010-12-22,17.81584930419922,18.25038266068903,17.779637555329124,17.924483024819235,3745900
SOUTHBANK,2010-12-23,17.852060317993164,18.17795994044372,17.779636823235087,17.924482286761044,2561253
SOUTHBANK,2010-12-24,17.779638290405273,17.92448376588383,17.671006091284255,17.888272015516613,3444195
SOUTHBANK,2010-12-27,17.41752815246582,17.960693717802204,17.308894429002425,17.671005823220213,2227513
SOUTHBANK,2010-12-28,17.41752815246582,17.743427796865713,17.345104652830024,17.743427796865713,4748744
SOUTHBANK,2010-12-29,17.489948272705078,17.852059628550002,17.381314560753573,17.562370238676035,5948342
SOUTHBANK,2010-12-30,17.41752815246582,17.70721604704781,17.381316402647922,17.70721604704781,3152028
SOUTHBANK,2010-12-31,17.489948272705078,17.67100395062754,17.41752630673412,17.562370238676035,4024316
SOUTHBANK,2011-01-03,17.81584930419922,17.924483024819235,17.598581862959183,17.598581862959183,5541570
SOUTHBANK,2011-01-04,17.81584930419922,18.10553871718918,17.779637555329124,17.924483024819235,5122095
SOUTHBANK,2011-01-05,17.489948272705078,17.960691814511367,17.41752630673412,17.815847882569454,2915371
SOUTHBANK,2011-01-06,17.164052963256836,17.743430362176376,17.055419224087384,17.562374638890798,4293743
SOUTHBANK,2011-01-07,16.69330596923828,17.3451036960954,16.657094221417776,17.3451036960954,6052445
SOUTHBANK,2011-01-10,16.041507720947266,16.946783161267707,15.860452022487054,16.693307014611783,7347480
SOUTHBANK,2011-01-11,16.113929748535156,16.801939268577602,15.969085799683095,16.113929748535156,7379913
SOUTHBANK,2011-01-12,16.801937103271484,16.98299277899864,16.18634963698731,16.838148848812963,4442742
SOUTHBANK,2011-01-13,16.982995986938477,17.381317633183627,16.657096319466042,16.94678423455691,5107130
SOUTHBANK,2011-01-14,16.584672927856445,17.019204763475283,16.476039205956596,17.019204763475283,2519129
SOUTHBANK,2011-01-17,16.331193923950195,16.69330528331532,16.294983703607773,16.657093536982746,2083144
SOUTHBANK,2011-01-18,16.36740493774414,16.729514754912543,16.29498297431046,16.47603711989962,2129769
SOUTHBANK,2011-01-19,16.36740493774414,16.5484590833333,16.222559484886695,16.47603711989962,2890730
SOUTHBANK,2011-01-20,15.824239730834961,16.367406807626413,15.751817759127485,16.367406807626413,10963454
SOUTHBANK,2011-01-21,15.860452651977539,16.222562537279543,15.788030674917138,16.222562537279543,6585995
SOUTHBANK,2011-01-24,15.824239730834961,16.15013936651373,15.788029507976352,15.96908520024017,4435253
SOUTHBANK,2011-01-25,15.824239730834961,16.15013936651373,15.788029507976352,15.860451479683828,5061793
SOUTHBANK,2011-01-27,15.49833869934082,15.93287201644088,15.42591673415583,15.86045005125589,3177090
SOUTHBANK,2011-01-28,14.665484428405762,15.606973067444272,14.26716284011684,15.498339352096316,7997672
SOUTHBANK,2011-01-31,14.484429359436035,14.846540741967793,13.832631617661324,14.484429359436035,6542563
SOUTHBANK,2011-02-01,14.375798225402832,14.774119859962049,13.8326326375476,14.48443042737966,3688604
SOUTHBANK,2011-02-02,14.412008285522461,14.665485963879975,14.33958630970465,14.593063988062163,3703665
SOUTHBANK,2011-02-03,14.448217391967773,14.556851098806424,14.230951504280537,14.556851098806424,4691113
SOUTHBANK,2011-02-04,14.194744110107422,14.593065789264873,14.12232212535066,14.484432049134465,4540470
SOUTHBANK,2011-02-07,14.303374290466309,14.448218223931601,14.158530357001016,14.194740577372261,2930131
SOUTHBANK,2011-02-08,14.013686180114746,14.412007796594814,13.905053983068552,14.30337559954862,2980936
SOUTHBANK,2011-02-09,13.289464950561523,14.086108185322782,13.180831227279425,14.01368621179815,5018335
SOUTHBANK,2011-02-10,13.253252983093262,13.54294239842337,12.673876441418452,13.253252983093262,6186167
SOUTHBANK,2011-02-11,14.194744110107422,14.412010064377704,13.035989302018178,13.28946701166211,4349542
SOUTHBANK,2011-02-14,14.62927532196045,14.88275146710231,14.375797650828288,14.88275146710231,6628471
SOUTHBANK,2011-02-15,15.353495597839355,15.643183474218302,14.556852411807043,14.991384226375466,12292194
SOUTHBANK,2011-02-16,15.715608596801758,15.824240798698645,15.389707413140014,15.570763117621974,4305776
SOUTHBANK,2011-02-17,15.896661758422852,16.11392920029928,15.534551898612575,15.896661758422852,5277965
SOUTHBANK,2011-02-18,15.49833869934082,16.36740533354094,15.389704988568276,16.07771594681086,6077399
SOUTHBANK,2011-02-21,15.027595520019531,15.75181671508249,14.918961806663532,15.498339067911932,3541066
SOUTHBANK,2011-02-22,14.918960571289062,15.208648414930389,14.701694688558067,14.918960571289062,3119050
SOUTHBANK,2011-02-23,14.81032943725586,15.172440830641849,14.7016972400323,14.991385133948855,2593255
SOUTHBANK,2011-02-24,14.593063354492188,14.846541021844757,14.41200765981317,14.810329272512842,2911712
SOUTHBANK,2011-02-25,14.62927532196045,14.918963216974177,14.520641598335152,14.701697295713881,2347238
SOUTHBANK,2011-02-28,14.955172538757324,15.172439972902316,14.737906630602545,14.84654034767504,2888279
SOUTHBANK,2011-03-01,15.75182056427002,15.82424254887467,15.027599192232984,15.063809421540045,4883747
SOUTHBANK,2011-03-03,15.49833869934082,15.751816340483344,15.353494768970842,15.57076066452581,3595249
SOUTHBANK,2011-03-04,15.60697078704834,15.932870359483552,15.570759045226668,15.932870359483552,2816727
SOUTHBANK,2011-03-07,15.244863510131836,15.60697492028771,15.027597579632532,15.60697492028771,1990580
SOUTHBANK,2011-03-08,15.353495597839355,15.570761505123565,15.208650133659676,15.353495597839355,1852148
SOUTHBANK,2011-03-09,15.389705657958984,15.643183310126773,15.35349543678655,15.643183310126773,1566252
SOUTHBANK,2011-03-10,15.317282676696777,15.498338348556356,15.208648968383013,15.498338348556356,1213054
SOUTHBANK,2011-03-11,14.991384506225586,15.244862165784037,14.91896253577892,15.208650417565586,2103955
SOUTHBANK,2011-03-14,14.846540451049805,15.100018108657089,14.629274541382225,14.629274541382225,3072151
SOUTHBANK,2011-03-15,14.593063354492188,14.737907299839291,14.122319769118963,14.484429632486721,3052507
SOUTHBANK,2011-03-16,14.88275146484375,14.991385188452563,14.593063569873985,14.810329491101308,2752183
SOUTHBANK,2011-03-17,14.88275146484375,15.136229135937445,14.629275319740357,14.88275146484375,2391601
SOUTHBANK,2011-03-18,14.88275146484375,15.208651109679886,14.846541240967682,15.208651109679886,2407199
SOUTHBANK,2011-03-21,14.88275146484375,15.136229135937445,14.88275146484375,15.136229135937445,1316861
SOUTHBANK,2011-03-22,14.81032943725586,15.063807107427992,14.774119213511437,15.027596883683572,1382128
SOUTHBANK,2011-03-23,15.208650588989258,15.281074086242475,14.665485041521872,14.955172926573745,2065794
SOUTHBANK,2011-03-24,15.172439575195312,15.389705477655019,15.136227828456942,15.389705477655019,1383887
SOUTHBANK,2011-03-25,15.281073570251465,15.353495539068984,15.208650075443748,15.208650075443748,1402155
SOUTHBANK,2011-03-28,15.60697078704834,15.679392744701724,15.208647730969783,15.208647730969783,2793097
SOUTHBANK,2011-03-29,15.57076358795166,15.788031050288925,15.353497651604803,15.57076358795166,2805538
SOUTHBANK,2011-03-30,15.715608596801758,15.788030573396469,14.484430416720581,14.484430416720581,2148985
SOUTHBANK,2011-03-31,16.548463821411133,16.765731299909255,15.860454208808466,16.005298177146866,8144355
SOUTHBANK,2011-04-01,16.838153839111328,17.127841785337058,16.584676123168528,16.838153839111328,5164385
SOUTHBANK,2011-04-04,17.634794235229492,17.888271908309946,16.83815099182825,16.874361215988134,6650039
SOUTHBANK,2011-04-05,17.345104217529297,18.033115238880335,17.272682245701333,17.743427351568485,6408663
SOUTHBANK,2011-04-06,17.127838134765625,17.743427178276523,16.83815025028302,17.598581710044975,5800456
SOUTHBANK,2011-04-07,16.910572052001953,17.489949341153487,16.729516363018927,17.272681903977766,7388305
SOUTHBANK,2011-04-08,16.584672927856445,17.16405023467184,16.367407010047028,17.019204763475283,4769715
SOUTHBANK,2011-04-11,16.47603988647461,16.65709558845583,16.33119593528577,16.512251637266992,2466546
SOUTHBANK,2011-04-13,16.801937103271484,16.838148848812963,16.077715926352994,16.077715926352994,4669179
SOUTHBANK,2011-04-15,16.69330596923828,16.83814990853986,16.548460503946483,16.69330596923828,2628375
SOUTHBANK,2011-04-18,16.69330596923828,16.83814990853986,16.548460503946483,16.80193816071936,3522117
SOUTHBANK,2011-04-19,16.620880126953125,16.87435774793838,16.439825991383657,16.87435774793838,2672957
SOUTHBANK,2011-04-20,16.657094955444336,16.801938901128743,16.620883206028093,16.765728677702782,2925844
SOUTHBANK,2011-04-21,16.838153839111328,17.127841785337058,16.69330986599846,17.019208042507124,4442152
SOUTHBANK,2011-04-25,16.548463821411133,17.055419236586058,16.51225359232179,16.838153284078455,3397259
SOUTHBANK,2011-04-26,16.40361976623535,16.657097472480956,16.33119778244954,16.58467548869514,2986034
SOUTHBANK,2011-04-27,16.584672927856445,17.019204763475283,16.476039205956596,16.657094900459587,6404143
SOUTHBANK,2011-04-28,16.548463821411133,16.801941528998594,16.51225359232179,16.729519544829394,1773548
SOUTHBANK,2011-04-29,16.47603988647461,16.65709558845583,16.40361791088019,16.40361791088019,1786622
SOUTHBANK,2011-05-02,16.258773803710938,16.9467833282526,16.150140078366327,16.9467833282526,8974504
SOUTHBANK,2011-05-03,16.150142669677734,16.584676114787307,16.0777206831579,16.294988168707974,5063176
SOUTHBANK,2011-05-04,16.657094955444336,16.801938901128743,16.150139619558633,16.186351368974876,8734739
SOUTHBANK,2011-05-05,16.29498291015625,16.80193665219611,16.222559421017618,16.72951468904756,2408834
SOUTHBANK,2011-05-06,16.47603988647461,16.72951756405025,16.18635198409693,16.439829661672572,2521321
SOUTHBANK,2011-05-09,16.439828872680664,16.657094789036744,16.258773179388797,16.258773179388797,1640709
SOUTHBANK,2011-05-10,16.69330596923828,16.83814990853986,16.33119459499411,16.657094221417776,3250832
SOUTHBANK,2011-05-11,17.127838134765625,17.272682077006927,16.65709455948627,16.83815025028302,3820559
SOUTHBANK,2011-05-12,16.801937103271484,17.20025867427715,16.729515138178648,17.019202998549996,2658597
SOUTHBANK,2011-05-13,17.01920509338379,17.127838817389446,16.041507681294107,16.874361145369786,2047286
SOUTHBANK,2011-05-16,16.982995986938477,17.09162819210235,16.693308071847607,16.693308071847607,2299301
SOUTHBANK,2011-05-17,16.801937103271484,17.091624963642833,16.729515138178648,16.98299277899864,2828727
SOUTHBANK,2011-05-18,16.69330596923828,16.982993847841446,16.548460503946483,16.657094221417776,2009849
SOUTHBANK,2011-05-19,16.910572052001953,17.01920424459958,16.620882644431067,16.946782274204416,2717727
SOUTHBANK,2011-05-20,16.982995986938477,17.019206213329632,16.729518298238762,16.729518298238762,1440030
SOUTHBANK,2011-05-23,16.548463821411133,16.982997252416855,16.47604183724193,16.982997252416855,1684512
SOUTHBANK,2011-05-24,16.657094955444336,16.801938901128743,16.51225100975993,16.657094955444336,1863543
SOUTHBANK,2011-05-25,16.548463821411133,16.729519544829394,16.51225359232179,16.729519544829394,1437536
SOUTHBANK,2011-05-26,16.584672927856445,16.657094900459587,16.512250955253307,16.620883151162875,1114634
SOUTHBANK,2011-05-27,17.01920509338379,17.308894515402105,16.620883473350126,16.65709522334878,3337304
SOUTHBANK,2011-05-30,17.164052963256836,17.23647494737296,16.874363500801802,17.23647494737296,1290319
SOUTHBANK,2011-05-31,17.30889129638672,17.345101513660882,17.055413671507477,17.20025759258418,1970535
SOUTHBANK,2011-06-01,17.4537353515625,17.52615731265728,17.20025772473576,17.345101646925315,2696143
SOUTHBANK,2011-06-02,18.069326400756836,18.286592309182232,17.127837745599688,17.381315401757757,7622616
SOUTHBANK,2011-06-03,18.250381469726562,18.64870305135307,17.960692075640818,18.177959502702667,6978787
SOUTHBANK,2011-06-06,17.924482345581055,18.431437654610008,17.81584862907765,18.105538031089996,2541031
SOUTHBANK,2011-06-07,17.852060317993164,18.214170161832563,17.671004633078365,17.996904255528925,3881036
SOUTHBANK,2011-06-08,17.960693359375,18.06932708067048,17.671005470574077,17.88827138717477,2700539
SOUTHBANK,2011-06-09,18.069326400756836,18.286592309182232,17.96069268354903,18.069326400756836,1952011
SOUTHBANK,2011-06-10,18.35901641845703,18.395228170410295,17.888272799006952,18.177962236661887,4027041
SOUTHBANK,2011-06-13,18.648704528808594,18.90218219646924,17.888271525826656,18.322804888386376,4273291
SOUTHBANK,2011-06-14,18.757333755493164,18.90217920407619,18.503857653950455,18.8297572427797,3848352
SOUTHBANK,2011-06-15,18.431438446044922,18.7573365575686,18.28659297582407,18.7573365575686,3575211
SOUTHBANK,2011-06-16,18.105539321899414,18.395227218574455,17.7434279250653,18.177961296068172,2774216
SOUTHBANK,2011-06-17,18.177959442138672,18.322803375703884,18.033113982583306,18.286591629317503,4456233
SOUTHBANK,2011-06-20,18.069326400756836,18.43143777412271,17.6710048056485,18.286592309182232,4440249
SOUTHBANK,2011-06-21,17.924482345581055,18.214170221603197,17.85206037657552,18.069326283592126,1678693
SOUTHBANK,2011-06-22,17.41752815246582,18.1055391910835,17.308894429002425,18.1055391910835,2303077
SOUTHBANK,2011-06-23,17.01920509338379,17.526160437423112,16.91057289536844,17.526160437423112,7013040
SOUTHBANK,2011-06-24,17.01920509338379,17.236472541395102,16.91057289536844,17.091627067390792,4632065
SOUTHBANK,2011-06-27,17.01920509338379,17.345104739410452,16.801939171362783,17.01920509338379,5714603
SOUTHBANK,2011-06-28,17.236473083496094,17.308895059780827,16.982995403504354,17.308895059780827,2380094
SOUTHBANK,2011-06-29,17.30889129638672,18.141746131562797,17.236469335848366,18.141746131562797,2544345
SOUTHBANK,2011-06-30,17.381315231323242,17.6710046323734,17.200259546415666,17.200259546415666,1802874
SOUTHBANK,2011-07-01,17.30889129638672,17.743424585606853,17.236469335848366,17.634790881804314,2509368
SOUTHBANK,2011-07-04,17.345104217529297,17.70721560265937,17.272682245701333,17.45373793826637,1604744
SOUTHBANK,2011-07-05,17.381315231323242,17.526159168853223,17.055415608885685,17.381315231323242,4013318
SOUTHBANK,2011-07-06,17.272682189941406,17.56237160230834,17.16404999554528,17.16404999554528,1681297
SOUTHBANK,2011-07-07,17.870302200317383,17.944146244257844,17.390315136727136,17.390315136727136,2251754
SOUTHBANK,2011-07-08,17.907228469848633,18.05491658634461,17.64877348800328,17.870305662747246,5897095
SOUTHBANK,2011-07-11,17.870302200317383,17.981069044205316,17.611847268548523,17.722614112436457,2329395
SOUTHBANK,2011-07-12,18.017990112304688,18.387210296518393,17.796456445822127,17.907223279063405,4973952
SOUTHBANK,2011-07-13,18.091838836669922,18.27644975458589,17.72261700083799,17.72261700083799,2701639
SOUTHBANK,2011-07-14,18.239526748657227,18.793359496333345,17.722616806541403,17.722616806541403,14624842
SOUTHBANK,2011-07-15,17.83338165283203,18.57182367703202,17.72261480461794,18.239524688344297,9041300
SOUTHBANK,2011-07-18,17.83338165283203,18.276447489733844,17.759537606007488,17.907225699656575,7177461
SOUTHBANK,2011-07-19,17.759538650512695,18.165681709911762,17.72261584695158,17.87030394928676,7739678
SOUTHBANK,2011-07-20,17.611848831176758,17.944147836369627,17.464160730192066,17.944147836369627,5759584
SOUTHBANK,2011-07-21,17.3533935546875,17.722615356257275,17.20570545644143,17.722615356257275,4325802
SOUTHBANK,2011-07-22,17.722614288330078,17.87030237767678,17.279548464335477,17.353392509008827,2870449
SOUTHBANK,2011-07-25,17.538005828857422,17.87030485391041,17.50108457938193,17.87030485391041,3934412
SOUTHBANK,2011-07-26,17.427236557006836,17.648770247023652,17.27954846763196,17.611847446702683,3447180
SOUTHBANK,2011-07-27,17.427236557006836,17.501082157648774,17.058016333569647,17.427236557006836,2736138
SOUTHBANK,2011-07-28,17.3533935546875,17.427237603810536,17.094940160734172,17.3533935546875,3443535
SOUTHBANK,2011-07-29,17.3533935546875,17.50108320888817,17.20570545644143,17.3533935546875,1848648
SOUTHBANK,2011-08-01,17.31647300720215,17.64877201964865,17.058018046859907,17.058018046859907,2748853
SOUTHBANK,2011-08-02,17.058019638061523,17.353395874031772,17.021098386542644,17.353395874031772,1523336
SOUTHBANK,2011-08-03,16.76264190673828,16.984174063953642,16.65187505015327,16.984174063953642,3262655
SOUTHBANK,2011-08-04,16.393421173095703,17.02109799398871,16.31957711580619,16.98417518736657,3660518
SOUTHBANK,2011-08-05,16.134963989257812,16.24573083802971,15.359599159763624,15.507287254156454,4798064
SOUTHBANK,2011-08-08,15.802663803100586,16.208806809925086,15.138065872668781,15.581131678274797,5216067
SOUTHBANK,2011-08-09,15.396525382995605,15.913435384200882,15.138070382392966,15.322681319388408,4336315
SOUTHBANK,2011-08-10,16.28265380859375,16.393419102560667,15.544210217056598,15.654977066978084,4232972
SOUTHBANK,2011-08-11,16.17188835144043,16.3934205144078,16.061121491979392,16.282655210901467,1999053
SOUTHBANK,2011-08-12,16.09804344177246,16.762641451316856,16.024199391373596,16.61495335051913,1951212
SOUTHBANK,2011-08-16,16.09804344177246,16.43034244654466,15.728821633823522,16.245731542570187,2212854
SOUTHBANK,2011-08-17,16.17188835144043,16.319576460085344,15.950354632518353,16.245732405762887,1665019
SOUTHBANK,2011-08-18,15.507287979125977,16.28265440082329,15.433443928477333,16.245731597521655,2708789
SOUTHBANK,2011-08-19,15.101144790649414,15.433443793642477,14.731924540631908,15.433443793642477,3493360
SOUTHBANK,2011-08-22,15.359601020812988,15.50728913310048,14.990380740094258,15.064224796238005,2098114
SOUTHBANK,2011-08-23,15.433445930480957,15.728823727346123,15.248835001934584,15.507289990708541,1944481
SOUTHBANK,2011-08-24,15.174988746643066,15.65497740262419,15.138067499847352,15.470366500781804,2528841
SOUTHBANK,2011-08-25,14.953455924987793,15.322677712054826,14.805767832542793,15.21191086474381,3254705
SOUTHBANK,2011-08-26,14.731922149658203,15.064221098719534,14.473467238615571,14.953454263714303,3253524
SOUTHBANK,2011-08-29,15.064226150512695,15.138070213295027,14.842693962165704,14.842693962165704,2814259
SOUTHBANK,2011-08-30,15.248831748962402,15.433442638126476,15.101143660012943,15.211910504702287,5534151
SOUTHBANK,2011-09-02,15.211909294128418,15.470364207199207,15.101142458253975,15.396520168601036,2333443
SOUTHBANK,2011-09-05,15.654976844787598,15.802664938617069,15.138066960429903,15.174988205909996,3415104
SOUTHBANK,2011-09-06,15.76574420928955,15.802667015576993,15.507289233141714,15.802667015576993,1942444
SOUTHBANK,2011-09-07,16.20880889892578,16.39341980471725,15.691898985091518,15.765743036217179,3718773
SOUTHBANK,2011-09-08,16.28265380859375,16.504185952482153,16.098042910709463,16.504185952482153,2058952
SOUTHBANK,2011-09-09,16.578031539916992,16.910330564584893,16.134965655041555,16.651875594737113,4754432
SOUTHBANK,2011-09-12,16.28265380859375,16.504185952482153,15.987276060787975,16.504185952482153,2307340
SOUTHBANK,2011-09-13,16.28265380859375,16.68879685036644,16.245731006635065,16.46726315052347,2158766
SOUTHBANK,2011-09-14,16.28265380859375,16.46726315052347,16.061120108750774,16.393419102560667,2218424
SOUTHBANK,2011-09-15,16.504186630249023,16.54110787776936,16.20880887031316,16.393419775778746,2160797
SOUTHBANK,2011-09-16,17.279550552368164,17.722616429902125,16.46726440685148,16.614954069999257,9353576
SOUTHBANK,2011-09-19,17.058019638061523,17.648773665956824,17.021098386542644,17.648773665956824,2115353
SOUTHBANK,2011-09-20,17.538005828857422,17.574928634287627,16.984174639087346,17.05801869399304,2681433
SOUTHBANK,2011-09-21,17.3533935546875,17.944147503626382,17.242628258980243,17.574927258011204,3320998
SOUTHBANK,2011-09-22,16.541107177734375,17.242627966432735,16.393419081994058,17.16878391856258,3043480
SOUTHBANK,2011-09-23,16.245729446411133,16.688795247590907,15.950351726973146,16.578028408307357,4436021
SOUTHBANK,2011-09-26,16.28265380859375,16.651874048407755,15.802665162903686,16.430341904519352,2857580
SOUTHBANK,2011-09-27,16.35649871826172,16.541108069917165,16.28265466640861,16.541108069917165,2182084
SOUTHBANK,2011-09-28,16.245729446411133,16.467261569023808,16.134962607127584,16.430340326565574,1907735
SOUTHBANK,2011-09-29,16.134963989257812,16.319574885226128,15.987275894864982,16.319574885226128,2754164
SOUTHBANK,2011-09-30,16.430343627929688,16.504187683638133,15.913433682015832,16.098044599264313,2440665
SOUTHBANK,2011-10-03,15.876510620117188,16.31957650317653,13.291962488187973,16.171888394141654,2512744
SOUTHBANK,2011-10-04,15.913429260253906,16.20880540101343,15.691895598729962,15.802662429491933,1716385
SOUTHBANK,2011-10-05,16.09804344177246,16.171887492171326,15.876509734621248,15.913432537797991,2514462
SOUTHBANK,2011-10-07,16.35649871826172,16.467264018064057,15.35960012835813,15.35960012835813,1420893
SOUTHBANK,2011-10-10,16.245729446411133,16.393417528152916,16.17188540554024,16.393417528152916,929377
SOUTHBANK,2011-10-11,16.319576263427734,16.541108423725554,16.24573220999513,16.39342031686034,1577337
SOUTHBANK,2011-10-12,16.467266082763672,16.5411101438755,16.319577960540016,16.319577960540016,1469748
SOUTHBANK,2011-10-13,16.68879508972168,16.836483170066394,16.467261413250203,16.614951049549322,2263263
SOUTHBANK,2011-10-14,16.799562454223633,16.83648525686341,16.61495310888855,16.72571840489868,1395657
SOUTHBANK,2011-10-17,17.205705642700195,17.316472495561143,16.799562590149538,16.799562590149538,5860272
SOUTHBANK,2011-10-18,17.021095275878906,17.20570461164492,16.578029446940537,17.058016520650302,2104935
SOUTHBANK,2011-10-19,17.390317916870117,17.50108477846605,17.05801888803705,17.168785749632985,2435266
SOUTHBANK,2011-10-20,17.168787002563477,17.353396377422666,16.984176071749438,17.168787002563477,1043353
SOUTHBANK,2011-10-21,17.021095275878906,17.31647145786814,16.98417247515299,17.168783366873523,789917
SOUTHBANK,2011-10-24,17.058019638061523,17.27955181503921,16.947252771595277,17.168786504527766,1023729
SOUTHBANK,2011-10-25,17.131860733032227,17.2795488254655,16.910328594382314,17.20570477924886,2441266
SOUTHBANK,2011-10-28,17.3533935546875,17.61184850459542,17.242628258980243,17.427237603810536,2087755
SOUTHBANK,2011-10-31,17.50108528137207,17.648773397107412,17.2057074939466,17.50108528137207,1881655
SOUTHBANK,2011-11-01,17.205705642700195,17.68569274517328,17.168784395716287,17.68569274517328,1880029
SOUTHBANK,2011-11-02,17.24262809753418,17.353393392204318,16.94725034785312,17.20570529534108,1946953
SOUTHBANK,2011-11-03,17.168787002563477,17.279552316288022,16.984176071749438,16.984176071749438,1077134
SOUTHBANK,2011-11-04,17.279550552368164,17.35339460596471,17.16878524995069,17.35339460596471,1168082
SOUTHBANK,2011-11-08,17.168787002563477,17.501086055646805,17.13186419401873,17.501086055646805,1306065
SOUTHBANK,2011-11-09,17.168787002563477,17.316475124832767,17.058020132884085,17.316475124832767,1699538
SOUTHBANK,2011-11-11,16.984172821044922,17.42723710305202,16.467262936082093,17.42723710305202,2553105
SOUTHBANK,2011-11-14,16.984172821044922,17.168783716525155,16.91032877404374,17.168783716525155,1588879
SOUTHBANK,2011-11-15,16.910329818725586,17.05801792185179,16.836485767162486,16.984173870288686,1658556
SOUTHBANK,2011-11-16,16.947248458862305,16.98417125693988,16.688795096136907,16.836483176538394,1262824
SOUTHBANK,2011-11-17,16.504186630249023,16.94725093622087,16.356498528258406,16.94725093622087,1925385
SOUTHBANK,2011-11-18,16.393421173095703,16.504188037007356,16.171889001227164,16.31957711580619,1699386
SOUTHBANK,2011-11-21,16.134963989257812,16.50418578119444,16.024198696440468,16.24573083802971,1432916
SOUTHBANK,2011-11-22,15.544211387634277,16.171888176517985,15.50728858289507,15.876510406468391,3018800
SOUTHBANK,2011-11-23,15.138067245483398,15.618054337444725,14.990379148872924,15.507287487009581,3642856
SOUTHBANK,2011-11-24,16.17188835144043,16.614954233329875,15.064224424694164,15.10114567387804,4066377
SOUTHBANK,2011-11-25,15.802663803100586,16.245729608706604,15.654975719883392,15.654975719883392,1254949
SOUTHBANK,2011-11-28,16.17188835144043,16.245732405762887,15.80266652387344,15.913433383334477,1038282
SOUTHBANK,2011-11-29,16.134963989257812,16.282653639605197,15.950353093289499,16.061119942061396,916720
SOUTHBANK,2011-11-30,16.024200439453125,16.17188854991055,15.728822662583557,15.876510773040978,1266107
SOUTHBANK,2011-12-01,16.20880889892578,17.058017820802835,16.13496484780012,16.24573170246593,2569273
SOUTHBANK,2011-12-02,16.430343627929688,16.54110893351499,15.987277737724279,16.245732710681207,1328529
SOUTHBANK,2011-12-05,16.467266082763672,16.83648794427766,16.356500769073353,16.83648794427766,1344939
SOUTHBANK,2011-12-07,16.245729446411133,16.614951206720015,15.950351726973146,16.430340326565574,1958992
SOUTHBANK,2011-12-08,16.17188835144043,16.467264568730258,16.098044297117973,16.245732405762887,1345920
SOUTHBANK,2011-12-09,16.09804344177246,16.245731542570187,15.839588487399128,15.950353785020113,874078
SOUTHBANK,2011-12-12,15.987276077270508,16.245731023384057,15.950353275273756,16.245731023384057,703031
SOUTHBANK,2011-12-13,15.987276077270508,16.06112012530944,15.765742377199137,15.80266517919589,1043218
SOUTHBANK,2011-12-14,15.95035171508789,16.31957347512165,15.876507674272023,15.987274513473036,1117148
SOUTHBANK,2011-12-15,15.7288236618042,16.024201457438526,15.618056793946973,15.876511781643952,1397608
SOUTHBANK,2011-12-16,15.174988746643066,15.987276403558642,15.064223450301318,15.691898649419905,3183574
SOUTHBANK,2011-12-19,15.101144790649414,15.802665599614595,14.768845787656351,15.064223543624971,1756210
SOUTHBANK,2011-12-20,14.842689514160156,15.433441839384201,14.768843917552733,15.433441839384201,1159137
SOUTHBANK,2011-12-21,15.211909294128418,15.396520168601036,14.768843506585013,14.768843506585013,1070931
SOUTHBANK,2011-12-22,15.174988746643066,15.322678401689737,14.842691301663217,15.211911549393385,1199445
SOUTHBANK,2011-12-23,15.211909294128418,15.470364207199207,15.174986496852146,15.470364207199207,791946
SOUTHBANK,2011-12-26,15.138067245483398,15.359599390399108,14.990379148872924,15.359599390399108,1067001
SOUTHBANK,2011-12-27,14.953455924987793,15.21191086474381,14.84269063363131,14.953455924987793,1073310
SOUTHBANK,2011-12-28,14.805768013000488,15.027300154368097,14.768845211461946,14.91653486166157,1500487
SOUTHBANK,2011-12-29,14.953455924987793,15.064222772298809,14.731923786320293,14.805767832542793,1598660
SOUTHBANK,2011-12-30,14.842689514160156,15.211909717425184,14.805766715856445,14.990377595466168,966508
SOUTHBANK,2012-01-02,15.138067245483398,15.507287487009581,14.6950013996974,15.507287487009581,2489205
SOUTHBANK,2012-01-03,15.359601020812988,15.470367883005979,15.064224796238005,15.064224796238005,1900285
SOUTHBANK,2012-01-04,15.248831748962402,15.507286682601205,15.211910504702287,15.470365438341089,790653
SOUTHBANK,2012-01-05,15.211909294128418,15.470364207199207,15.138065255530247,15.248830535450319,1159971
SOUTHBANK,2012-01-06,15.101144790649414,15.32267849661453,15.064223543624971,15.211911643631973,1126143
SOUTHBANK,2012-01-09,15.174988746643066,15.359599648485453,15.027300647551,15.138067499847352,856651
SOUTHBANK,2012-01-10,15.507287979125977,15.581133585729246,15.211911776531405,15.322678630481683,1787970
SOUTHBANK,2012-01-11,15.913429260253906,16.024196091015877,15.433440697588232,15.581130323922293,2062289
SOUTHBANK,2012-01-12,16.319576263427734,16.39342031686034,15.802666333444808,15.950354440310019,2139349
SOUTHBANK,2012-01-13,16.68879508972168,16.836483170066394,16.319573332905488,16.319573332905488,2162457
SOUTHBANK,2012-01-16,16.873409271240234,17.279552387123136,16.54111021679469,16.836488018498983,8463286
SOUTHBANK,2012-01-17,17.094940185546875,17.42723762910556,17.058017382954468,17.131861432184685,2779288
SOUTHBANK,2012-01-18,16.504186630249023,17.168784645161423,16.393419775778746,16.984173739695837,2384635
SOUTHBANK,2012-01-19,16.68879508972168,16.91032721023875,16.57802825148594,16.68879508972168,1452274
SOUTHBANK,2012-01-20,16.245729446411133,16.98417141107447,16.134962607127584,16.947248612661816,7590031
SOUTHBANK,2012-01-23,16.984172821044922,17.24262776352634,16.28265359655641,16.28265359655641,6186592
SOUTHBANK,2012-01-24,17.058019638061523,17.57492960696426,16.98417557906896,17.27955181503921,10292695
SOUTHBANK,2012-01-25,17.058019638061523,17.27955181503921,16.947252771595277,17.205707756046646,8004060
SOUTHBANK,2012-01-27,16.910329818725586,17.20570602497799,16.762641715599383,17.20570602497799,3123033
SOUTHBANK,2012-01-30,16.541107177734375,16.94725021899753,16.467263129864214,16.94725021899753,2213865
SOUTHBANK,2012-01-31,17.021095275878906,17.13186056614761,16.614952247666448,16.688796293163758,3483801
SOUTHBANK,2012-02-01,17.021095275878906,17.094939321376213,16.910328429655685,17.058016520650302,2027335
SOUTHBANK,2012-02-02,16.984172821044922,17.574926753008935,16.836484727042556,17.205704962048472,3874945
SOUTHBANK,2012-02-03,16.984172821044922,17.058016868046106,16.79956192556469,17.058016868046106,1346909
SOUTHBANK,2012-02-06,17.058019638061523,17.24263056352033,16.873408712602718,17.131863697054087,5324764
SOUTHBANK,2012-02-07,18.571826934814453,18.83028192201459,17.058019819480013,17.058019819480013,23559297
SOUTHBANK,2012-02-08,19.125652313232422,19.273341943585237,18.534900015638534,18.645665293460215,15056466
SOUTHBANK,2012-02-09,19.679489135742188,20.011788152197067,18.017994053467795,18.017994053467795,13064219
SOUTHBANK,2012-02-10,19.531797409057617,20.122551326522753,19.125654382541807,19.93794199152794,10189015
SOUTHBANK,2012-02-13,19.273345947265625,19.901021171824194,19.088735037940868,19.64256620996047,7898918
SOUTHBANK,2012-02-14,20.344085693359375,20.49177378863949,19.199500621006624,19.34718871628674,15230583
SOUTHBANK,2012-02-15,19.79025650024414,20.676388340466243,19.42103619678063,20.676388340466243,7215436
SOUTHBANK,2012-02-16,20.344085693359375,20.67638468571692,19.4210327639268,19.937942653361773,10704289
SOUTHBANK,2012-02-17,20.417932510375977,20.67638749014888,20.159477530603073,20.602543432493018,7818919
SOUTHBANK,2012-02-21,20.602542877197266,20.860997850004093,20.307165098580295,20.860997850004093,4831978
SOUTHBANK,2012-02-22,19.827177047729492,20.824074087339802,19.605643334957428,20.71330878690843,12047972
SOUTHBANK,2012-02-23,19.125652313232422,20.01178387153194,18.90412020163471,19.71640616678065,4897839
SOUTHBANK,2012-02-24,19.162578582763672,19.384110734511044,18.68259147600039,19.12565577949513,2478431
SOUTHBANK,2012-02-27,18.128759384155273,19.162579239658346,18.017994082461858,19.12565643512409,3115531
SOUTHBANK,2012-02-28,19.162578582763672,19.310266683928585,18.091837515386107,18.31336966713348,5981806
SOUTHBANK,2012-02-29,19.273345947265625,22.227114272643057,18.97796818115508,19.790254315038407,8651125
SOUTHBANK,2012-03-01,19.08873748779297,19.421036544842984,18.68259436872682,19.421036544842984,2862211
SOUTHBANK,2012-03-02,19.08873748779297,19.494880606859116,18.830282492759082,19.199504358794595,2332546
SOUTHBANK,2012-03-05,18.904123306274414,19.531798503528705,18.756435207621006,19.34718915818924,1576326
SOUTHBANK,2012-03-06,18.571826934814453,19.421035956192778,18.46106162312498,18.756437862236666,2013567
SOUTHBANK,2012-03-07,18.313369750976562,18.793358415891976,18.165681649135497,18.571824707175743,1952368
SOUTHBANK,2012-03-09,18.68259048461914,19.273344413885393,18.424135543317995,18.424135543317995,1777614
SOUTHBANK,2012-03-12,18.977968215942383,19.42103408794302,18.867202914908226,19.16257912560554,2285242
SOUTHBANK,2012-03-13,18.645668029785156,19.236421970028847,18.571823981749016,18.97796702392507,2860715
SOUTHBANK,2012-03-14,18.867198944091797,19.05180825894715,18.682588073282098,18.90412018468113,1887339
SOUTHBANK,2012-03-15,18.313369750976562,18.90412371429546,18.165681649135497,18.90412371429546,2164461
SOUTHBANK,2012-03-16,18.165681838989258,18.53490365340538,18.05491498347349,18.461059601713085,1642105
SOUTHBANK,2012-03-19,17.83338165283203,18.387212781993387,17.574926710968853,17.87030289826703,2118341
SOUTHBANK,2012-03-20,18.239526748657227,18.424137664549267,17.722616806541403,17.7595396121017,1244173
SOUTHBANK,2012-03-21,18.904123306274414,19.088734207568475,17.833382257105296,18.38721340503288,2414770
SOUTHBANK,2012-03-22,19.05181121826172,19.34718896862908,18.645668172966857,19.05181121826172,2915656
SOUTHBANK,2012-03-23,18.867198944091797,19.199497889167517,18.682588073282098,19.05180825894715,1432763
SOUTHBANK,2012-03-26,18.313369750976562,18.90412371429546,18.20260445257308,18.90412371429546,1278252
SOUTHBANK,2012-03-27,18.239526748657227,18.64566983004688,18.128759887931057,18.20260549905165,1703682
SOUTHBANK,2012-03-28,17.907228469848633,18.461061240640728,17.796461604499257,18.239527509941976,1435198
SOUTHBANK,2012-03-29,17.538005828857422,17.87030485391041,17.42723896852152,17.796460799004716,2776162
SOUTHBANK,2012-03-30,18.239526748657227,18.350293609383396,17.538005890649362,17.685694000981105,1738534
SOUTHBANK,2012-04-02,18.239526748657227,18.534904525275433,18.091838638325484,18.239526748657227,1106577
SOUTHBANK,2012-04-03,18.313369750976562,18.497980656255212,18.239525700056028,18.497980656255212,927874
SOUTHBANK,2012-04-04,18.276447296142578,18.4241353882273,18.12875764810333,18.239524495144135,657029
SOUTHBANK,2012-04-09,17.98107147216797,18.424137351591884,17.833383364344897,18.276449243768813,1061224
SOUTHBANK,2012-04-10,18.165681838989258,18.239525890681552,17.722615972880842,18.01799373560467,742517
SOUTHBANK,2012-04-11,18.054914474487305,18.202604129663023,17.90722637526619,18.165681326880442,599116
SOUTHBANK,2012-04-12,18.38721466064453,18.461060270968545,18.1656824975366,18.1656824975366,1209735
SOUTHBANK,2012-04-13,18.091838836669922,19.125657176280804,18.054916030704835,19.125657176280804,1835379
SOUTHBANK,2012-04-16,18.645668029785156,18.756434879816652,17.981070041505326,18.16568093957296,1871500
SOUTHBANK,2012-04-17,18.4610595703125,19.014890735040016,18.31336991122447,18.79335858033994,2417405
SOUTHBANK,2012-04-18,18.20260238647461,18.682589440954143,18.128756787981338,18.57182259916869,1259182
SOUTHBANK,2012-04-19,18.424135208129883,18.534902054087933,18.16568027153078,18.276447117488825,2129191
SOUTHBANK,2012-04-20,17.94414520263672,18.830276790393096,17.83337992113297,18.756432750739133,1277802
SOUTHBANK,2012-04-23,17.685691833496094,18.23952451329678,17.611847787380242,17.94414677287884,1187552
SOUTHBANK,2012-04-24,17.64876937866211,17.907224300328792,17.538002539103694,17.870301501824514,914188
SOUTHBANK,2012-04-25,17.538005828857422,18.054915769152007,17.42723896852152,17.83338360443492,1596550
SOUTHBANK,2012-04-26,17.464160919189453,17.72261587668698,17.42723811556639,17.685693073063916,1540692
SOUTHBANK,2012-04-27,17.390317916870117,17.796461001448897,17.279551055274183,17.53800602836154,1172912
SOUTHBANK,2012-04-30,17.64876937866211,17.796457460770377,17.27954761743701,17.50108129655384,667371
SOUTHBANK,2012-05-02,17.685691833496094,18.091836421065075,17.611847787380242,17.611847787380242,1293174
SOUTHBANK,2012-05-03,17.50108528137207,19.568723569531222,17.464162474460842,19.568723569531222,810988
SOUTHBANK,2012-05-04,17.021095275878906,17.611847639857377,16.836484384158375,17.464159548862757,1703638
SOUTHBANK,2012-05-07,17.31647300720215,17.35339425527695,16.651874982309145,16.984173994755647,3186269
SOUTHBANK,2012-05-08,17.131860733032227,19.937942269037105,16.947249839513365,19.937942269037105,2042959
SOUTHBANK,2012-05-09,16.83648681640625,17.279551153396465,16.799564010346362,17.20570709723143,1130071
SOUTHBANK,2012-05-10,16.910329818725586,17.168784777173762,16.836485767162486,16.910329818725586,768028
SOUTHBANK,2012-05-11,16.28265380859375,19.19950070491996,15.322678073168195,19.19950070491996,3696300
SOUTHBANK,2012-05-14,16.09804344177246,16.541107744165643,16.024199391373596,16.245731542570187,788512
SOUTHBANK,2012-05-15,16.35649871826172,16.467264018064057,15.987276903041527,16.208809058600853,963100
SOUTHBANK,2012-05-16,15.95035171508789,16.245729434305783,15.802663633456156,16.245729434305783,1204832
SOUTHBANK,2012-05-17,16.134963989257812,16.39341893242254,16.024198696440468,16.024198696440468,1056478
SOUTHBANK,2012-05-18,16.20880889892578,16.24573170246593,15.802665839757328,16.024199549088948,844964
SOUTHBANK,2012-05-21,16.35649871826172,16.541108069917165,16.24573186250473,16.319575914357838,556489
SOUTHBANK,2012-05-22,16.17188835144043,16.541108623052715,16.098044297117973,16.541108623052715,525477
SOUTHBANK,2012-05-23,16.06112289428711,16.24573382418911,15.950356025154939,16.171889763419276,830486
SOUTHBANK,2012-05-24,16.20880889892578,16.28265450600608,15.950353942008649,16.09804360021461,652644
SOUTHBANK,2012-05-25,16.20880889892578,16.28265450600608,15.87650989088299,15.87650989088299,490205
SOUTHBANK,2012-05-28,16.467266082763672,16.5411101438755,16.17188983831636,16.24573389942819,1067583
SOUTHBANK,2012-05-29,17.50108528137207,17.796461512842757,16.467265359315103,16.467265359315103,4290859
SOUTHBANK,2012-05-30,16.947248458862305,17.759536012979293,16.836483176538394,17.50108109429949,1855854
SOUTHBANK,2012-05-31,17.870302200317383,18.091835888093254,16.725717185308493,17.279548292839202,1939970
SOUTHBANK,2012-06-01,17.427236557006836,18.09183607110278,17.3533925123194,17.870302381085963,1032602
SOUTHBANK,2012-06-04,17.168787002563477,17.353396377422666,16.7626438883455,17.279552316288022,843035
SOUTHBANK,2012-06-05,17.168787002563477,17.574930116781452,17.09494294142883,17.168787002563477,687730
SOUTHBANK,2012-06-06,17.685691833496094,17.94414677287884,17.20570475576579,17.20570475576579,2246338
SOUTHBANK,2012-06-07,17.427236557006836,17.981069226094373,17.058016333569647,17.870302381085963,1433049
SOUTHBANK,2012-06-08,17.574928283691406,17.64877233712401,17.279550514006296,17.353394567438905,1230276
SOUTHBANK,2012-06-11,17.464160919189453,18.313369842973522,17.3533940642749,17.90722678289302,989591
SOUTHBANK,2012-06-12,17.722614288330078,17.833381133317356,17.205704419662126,17.353392509008827,2016702
SOUTHBANK,2012-06-13,17.538005828857422,17.944148908816107,17.39031771904603,17.944148908816107,1192680
SOUTHBANK,2012-06-14,17.427236557006836,18.46105785049447,17.131860378257088,18.017992026415342,775946
SOUTHBANK,2012-06-15,17.611848831176758,17.685692881669105,17.50108353341555,17.50108353341555,939642
SOUTHBANK,2012-06-18,17.390317916870117,18.239526891877894,17.279551055274183,17.944149112940316,1630331
SOUTHBANK,2012-06-19,17.574928283691406,17.64877233712401,17.31647331869994,17.31647331869994,962990
SOUTHBANK,2012-06-20,17.65140151977539,17.840387422675956,17.61360338349019,17.72699619950398,1157981
SOUTHBANK,2012-06-21,17.726993560791016,17.76479009860828,17.0844380823233,17.462411424703845,829571
SOUTHBANK,2012-06-22,17.575803756713867,17.764789626460537,17.46241096059264,17.764789626460537,684932
SOUTHBANK,2012-06-25,17.61359977722168,17.95377656277228,17.575803241516883,17.840383769974917,783587
SOUTHBANK,2012-06-26,17.726993560791016,17.76479009860828,17.538006093179952,17.613600761656063,1056911
SOUTHBANK,2012-06-27,17.76479148864746,19.01210759820578,17.651400273481578,19.01210759820578,1460401
SOUTHBANK,2012-06-28,17.84038734436035,18.029374839273114,16.706465560567388,16.706465560567388,2940522
SOUTHBANK,2012-06-29,18.218358993530273,18.369548324600544,17.991574996924864,18.06716966246,2116379
SOUTHBANK,2012-07-02,18.142765045166016,18.369549050736037,18.067170376642675,18.369549050736037,897157
SOUTHBANK,2012-07-03,18.029373168945312,18.293955318742658,17.991576629169497,18.180564106573552,922493
SOUTHBANK,2012-07-04,18.218358993530273,18.29395365906541,17.840384073013077,17.840384073013077,864317
SOUTHBANK,2012-07-05,19.163297653198242,19.276690465384604,18.02937430985991,18.142767122046273,5740042
SOUTHBANK,2012-07-06,19.049903869628906,19.57906653863953,18.97430920262739,19.57906653863953,4090465
SOUTHBANK,2012-07-09,18.860916137695312,19.427876928571095,18.785321471767976,19.049903598934414,2149510
SOUTHBANK,2012-07-10,19.08769989013672,19.20109268399101,18.860915895269642,18.89871402416824,1355573
SOUTHBANK,2012-07-11,18.785322189331055,19.163295533405588,18.70972752051615,19.08770086459068,1064918
SOUTHBANK,2012-07-12,18.520740509033203,18.747524521073522,18.407347706592233,18.747524521073522,1221611
SOUTHBANK,2012-07-13,18.898714065551758,19.04990339579421,18.52073914710412,18.671928477346572,1373777
SOUTHBANK,2012-07-16,19.012107849121094,19.50347403556934,18.936513173732266,19.50347403556934,5128981
SOUTHBANK,2012-07-17,18.407346725463867,19.314485910957046,18.21835926241599,19.276687781210857,3102235
SOUTHBANK,2012-07-18,18.331754684448242,18.596336852042743,18.067172516853738,18.142767194331917,1597278
SOUTHBANK,2012-07-19,18.36954689025879,18.596332461997708,18.25615569723072,18.5207378023652,1533078
SOUTHBANK,2012-07-20,18.331754684448242,18.482944039404593,18.293956549288268,18.482944039404593,810839
SOUTHBANK,2012-07-23,17.91598129272461,18.25615810230667,17.840385030291618,18.218359971090173,1215469
SOUTHBANK,2012-07-24,17.84038734436035,18.104969518669858,17.802590801082882,17.95378015987637,1028365
SOUTHBANK,2012-07-25,17.84038734436035,17.991578295995648,17.651401442289394,17.764792664963608,1501753
SOUTHBANK,2012-07-26,17.38681411743164,17.878180184372532,17.31121946042853,17.840382059450306,1169337
SOUTHBANK,2012-07-27,17.122234344482422,17.689195145346286,17.00884314001458,17.538005810828132,1828275
SOUTHBANK,2012-07-30,17.726993560791016,17.802588229267126,17.160032750799406,17.462411424703845,951136
SOUTHBANK,2012-07-31,17.575803756713867,17.84038429292751,17.424614423779918,17.84038429292751,713864
SOUTHBANK,2012-08-01,17.65140151977539,17.802590879232568,17.424617480589625,17.424617480589625,541411
SOUTHBANK,2012-08-02,17.726993560791016,17.76479009860828,17.575804223838798,17.651398892314905,328280
SOUTHBANK,2012-08-03,17.575803756713867,17.68919495999356,17.424614423779918,17.68919495999356,469965
SOUTHBANK,2012-08-06,17.65140151977539,17.840387422675956,17.575806840046802,17.72699619950398,614854
SOUTHBANK,2012-08-07,17.76479148864746,17.9537789710462,17.575805599090423,17.61360213986515,1173176
SOUTHBANK,2012-08-08,17.61359977722168,17.991574691318565,17.575803241516883,17.95377656277228,749207
SOUTHBANK,2012-08-09,17.349016189575195,18.709724809611362,17.31121965706498,17.80258572958725,707927
SOUTHBANK,2012-08-10,17.311220169067383,17.462409489262573,17.235625508969786,17.38681482916498,484784
SOUTHBANK,2012-08-13,17.311220169067383,17.424612955634476,17.235625508969786,17.311220169067383,368865
SOUTHBANK,2012-08-14,17.38681411743164,17.53800343143786,17.235624803425416,17.235624803425416,659647
SOUTHBANK,2012-08-16,17.311220169067383,17.500207615732073,17.273422042597883,17.38681482916498,471269
SOUTHBANK,2012-08-17,17.27342414855957,17.424615080029238,17.235627610323352,17.27342414855957,591010
SOUTHBANK,2012-08-21,17.349016189575195,17.424612440278334,17.19782687385163,17.273421531713414,534931
SOUTHBANK,2012-08-22,17.04663848876953,17.349017136724676,16.6686651788256,17.349017136724676,1295241
SOUTHBANK,2012-08-23,16.933246612548828,17.197828740198798,16.895450075936846,17.197828740198798,752267
SOUTHBANK,2012-08-24,17.04663848876953,17.084436616184647,16.78205637538806,16.93324569936563,806045
SOUTHBANK,2012-08-27,16.744260787963867,17.084437582576438,16.70646265841068,16.819855454228712,700866
SOUTHBANK,2012-08-28,16.51747703552246,16.819857327092937,16.44188236084027,16.668667977728553,1007258
SOUTHBANK,2012-08-29,16.25289535522461,16.630870332582198,16.177300678321444,16.55527565567903,990114
SOUTHBANK,2012-08-30,16.063905715942383,16.328487846102618,15.988311049159678,16.252893179319912,1124037
SOUTHBANK,2012-08-31,15.874917030334473,16.328486588951332,15.156766954769317,16.13949914012419,4031384
SOUTHBANK,2012-09-03,16.404085159301758,16.630869174215384,15.988312076030974,16.10170487990861,2645386
SOUTHBANK,2012-09-04,16.630868911743164,16.706463582187986,16.366286768765473,16.555274241298342,1849430
SOUTHBANK,2012-09-05,16.29068946838379,16.630866226888834,16.21509481014282,16.630866226888834,1057474
SOUTHBANK,2012-09-06,16.139501571655273,16.366287181551282,16.101705031900376,16.32848904895473,905331
SOUTHBANK,2012-09-07,16.3284854888916,16.63086570521178,16.252890833021883,16.479676393472346,916313
SOUTHBANK,2012-09-10,16.29068946838379,16.555271568647864,16.252891342842624,16.44187878486573,755593
SOUTHBANK,2012-09-11,16.25289535522461,17.008845309939783,16.177300678321444,16.441882843903404,1292769
SOUTHBANK,2012-09-12,16.29068946838379,16.479676910406894,16.252891342842624,16.328486001083593,1020350
SOUTHBANK,2012-09-13,16.3284854888916,16.479676393472346,16.290688957377398,16.3284854888916,691297
SOUTHBANK,2012-09-14,16.479679107666016,16.744261243207205,16.4040844393459,16.55527377598613,2414314
SOUTHBANK,2012-09-17,16.819856643676758,16.971045986898087,16.555274496618605,16.857653183061267,2231712
SOUTHBANK,2012-09-18,17.08443832397461,17.34901887096257,16.70646338340621,17.00884365442925,3676543
SOUTHBANK,2012-09-20,17.00884246826172,17.349017661071805,16.593069425495138,17.00884246826172,4166131
SOUTHBANK,2012-09-21,17.65140151977539,17.72699619950398,17.046642489104865,17.046642489104865,5194551
SOUTHBANK,2012-09-24,17.38681411743164,17.915978309294754,17.349015992509415,17.726990870366308,3362565
SOUTHBANK,2012-09-25,17.1600341796875,17.726995036889015,16.81985734679825,17.386818203999766,2120752
SOUTHBANK,2012-09-26,17.08443832397461,17.34901887096257,16.93324739204229,17.16003299351997,1980343
SOUTHBANK,2012-09-27,17.08443832397461,17.31122233261069,16.97104552323577,17.31122233261069,2604965
SOUTHBANK,2012-09-28,17.197830200195312,17.42461581048609,17.084438987891588,17.084438987891588,1637591
SOUTHBANK,2012-10-01,17.462411880493164,17.53800655094238,17.19782973750009,17.19782973750009,2041857
SOUTHBANK,2012-10-03,17.76479148864746,18.067171779053783,17.46241279108284,18.067171779053783,8440041
SOUTHBANK,2012-10-04,17.84038734436035,18.067172975392392,17.764792664963608,17.84038734436035,2939975
SOUTHBANK,2012-10-05,17.538005828857422,18.1427647603933,17.273423696757877,17.878182628293757,2175498
SOUTHBANK,2012-10-08,17.462411880493164,17.726994023486238,17.349019078398527,17.53800655094238,1326549
SOUTHBANK,2012-10-09,17.500207901000977,18.29395264138518,17.386815112585477,17.500207901000977,1266161
SOUTHBANK,2012-10-10,17.349016189575195,17.500207098140116,17.2356249992032,17.46240897278855,1314860
SOUTHBANK,2012-10-11,17.575803756713867,17.68919495999356,17.235626961191713,17.386816294125662,1342672
SOUTHBANK,2012-10-12,17.61359977722168,17.95377656277228,17.386815784468443,17.575803241516883,2255909
SOUTHBANK,2012-10-15,17.76479148864746,17.915982430271473,17.538007465473996,17.726994947872733,1161397
SOUTHBANK,2012-10-16,17.878185272216797,18.293956800476472,17.764792458021688,17.84038713653783,5099814
SOUTHBANK,2012-10-17,17.689193725585938,18.067168624386067,17.538004403202454,17.915979302002587,1684764
SOUTHBANK,2012-10-18,17.84038734436035,18.067172975392392,17.538008626773376,17.764792664963608,3106499
SOUTHBANK,2012-10-19,17.689193725585938,18.029370497369484,17.65139719141078,17.878181174986004,2490837
SOUTHBANK,2012-10-22,16.819856643676758,17.689196163620238,16.668667300455425,17.613601492009572,7962995
SOUTHBANK,2012-10-23,16.70646095275879,16.971043054093915,16.668664419905983,16.857650269852755,2457015
SOUTHBANK,2012-10-25,16.630868911743164,17.008843856808898,16.51747610965512,16.857652923077634,6441207
SOUTHBANK,2012-10-29,16.782058715820312,16.971046193569265,16.517476565540115,16.55527469822657,1842083
SOUTHBANK,2012-10-30,17.197830200195312,17.462412350306778,16.517476555006304,16.668667492814045,3897201
SOUTHBANK,2012-10-31,17.538005828857422,17.575803958946594,16.78205756264796,17.197829029421086,4936343
SOUTHBANK,2012-11-01,17.462411880493164,17.651399353037018,17.349019078398527,17.651399353037018,2881022
SOUTHBANK,2012-11-02,17.462411880493164,17.726994023486238,17.349019078398527,17.689195891840818,1870826
SOUTHBANK,2012-11-05,17.42461585998535,17.500210532683138,17.3490195944459,17.46241239991341,994241
SOUTHBANK,2012-11-06,17.42461585998535,17.46241239991341,17.273424921748113,17.3490195944459,1374806
SOUTHBANK,2012-11-07,17.27342414855957,17.538006287579496,17.160032941009312,17.46241161826546,5148867
SOUTHBANK,2012-11-08,17.38681411743164,17.462408774434753,17.084435489419196,17.349015992509415,4561722
SOUTHBANK,2012-11-09,17.538005828857422,17.764789830867795,17.31122182684705,17.38681649418384,4226948
SOUTHBANK,2012-11-12,17.42461585998535,17.726994550776492,17.31122305451784,17.651399878078706,1062533
SOUTHBANK,2012-11-15,17.575803756713867,17.802587756114793,17.00884296179079,17.575803756713867,1871092
SOUTHBANK,2012-11-16,17.42461585998535,17.689196418006766,17.31122305451784,17.61360174530898,1109632
SOUTHBANK,2012-11-19,17.197830200195312,17.538007022789817,17.122235527712274,17.23562833285766,1755037
SOUTHBANK,2012-11-20,17.197830200195312,17.42461581048609,17.122235527712274,17.197830200195312,1488770
SOUTHBANK,2012-11-21,17.197830200195312,17.34901954516139,16.933248050083847,17.27342487267835,1484834
SOUTHBANK,2012-11-22,17.349016189575195,17.386814314926767,17.160030341341415,17.273421531713414,751843
SOUTHBANK,2012-11-23,17.349016189575195,17.500207098140116,17.084435683479633,17.386814314926767,1220877
SOUTHBANK,2012-11-26,17.04663848876953,17.50020805354369,16.93324569936563,17.38681526413979,1183517
SOUTHBANK,2012-11-27,17.462411880493164,17.5758046825878,17.12223506705087,17.23562786914551,2025412
SOUTHBANK,2012-11-29,17.91598129272461,18.18056343271528,17.311222343151876,17.651399152733937,6938140
SOUTHBANK,2012-11-30,18.860916137695312,19.012105469549983,17.57580363124755,17.57580363124755,12326719
SOUTHBANK,2012-12-03,19.541269302368164,19.919242623851776,18.823117602287066,18.974308523722,11555394
SOUTHBANK,2012-12-04,19.805850982666016,20.18382429573054,19.541268867100126,19.654661657440208,9535981
SOUTHBANK,2012-12-05,19.768051147460938,20.448404645052566,19.654659959756543,19.654659959756543,8262884
SOUTHBANK,2012-12-06,19.91924476623535,20.146030376358585,19.125499909329022,20.146030376358585,5389237
SOUTHBANK,2012-12-07,20.03263282775879,20.486202347762617,19.805848864177516,20.10822748228588,6144098
SOUTHBANK,2012-12-10,20.864177703857422,20.9775704933919,19.76805271449561,20.259418814409276,11072250
SOUTHBANK,2012-12-11,20.25942039489746,21.31774893220494,19.730257719085287,21.166559596258605,8806405
SOUTHBANK,2012-12-12,20.524002075195312,20.712989537368262,19.881446615217126,20.41061087216477,5023787
SOUTHBANK,2012-12-13,19.768051147460938,20.712986737765014,19.69245649137757,20.523999301135934,4688271
SOUTHBANK,2012-12-14,20.108230590820312,20.259419923246874,19.427877002059248,19.76805379643978,4875316
SOUTHBANK,2012-12-17,20.070432662963867,20.410611053604097,19.957041458925335,20.183825459843945,2715508
SOUTHBANK,2012-12-18,19.91924476623535,20.297219721212965,19.5412714040994,20.18382691615135,3780723
SOUTHBANK,2012-12-19,20.183822631835938,20.8641761321072,20.108227975454835,20.22162075644715,6905495
SOUTHBANK,2012-12-20,19.88144874572754,20.335016792137456,19.768055937704208,20.335016792137456,2475830
SOUTHBANK,2012-12-21,19.352279663085938,19.91924037780288,19.20109035154026,19.881443846337117,2977936
SOUTHBANK,2012-12-24,19.314485549926758,19.881446335631093,19.201092755649285,19.65466233991766,1896832
SOUTHBANK,2012-12-26,19.352279663085938,19.654659879018602,19.276685007313098,19.276685007313098,1885358
SOUTHBANK,2012-12-27,19.238893508911133,19.616866886656485,19.163297240520336,19.276690050264804,2012505
SOUTHBANK,2012-12-28,19.125497817993164,19.65466205996208,19.0499031538321,19.276687146315286,2569108
SOUTHBANK,2012-12-31,20.561800003051758,20.750787463370706,19.087700042542075,19.16329470810135,8334211
SOUTHBANK,2013-01-01,20.75078773498535,21.090964530875553,20.561800272192677,20.59959680904629,9869512
SOUTHBANK,2013-01-02,20.67519187927246,21.128761445318855,20.5617990895505,21.09096331779772,4847310
SOUTHBANK,2013-01-03,20.939775466918945,21.35554693470186,20.524002406294475,20.750788001697195,8710702
SOUTHBANK,2013-01-04,21.84691047668457,21.96030326092573,20.788582071344074,21.166556956920356,14255410
SOUTHBANK,2013-01-07,22.82964515686035,23.132025417349663,21.317748632938436,21.922507561075513,22683617
SOUTHBANK,2013-01-08,22.413875579833984,23.01863455889613,22.22488810021925,22.98083801867819,9324582
SOUTHBANK,2013-01-09,21.960309982299805,22.82964961808886,21.80911902608958,22.602865573036304,7405178
SOUTHBANK,2013-01-10,21.771318435668945,22.338279239356805,21.620129100397723,22.111495236449972,4616732
SOUTHBANK,2013-01-11,20.977575302124023,21.92251118394373,20.78858780719172,21.92251118394373,6650071
SOUTHBANK,2013-01-14,21.393342971801758,21.620128561901566,20.59959659213548,21.166558974543474,5980909
SOUTHBANK,2013-01-15,21.922508239746094,22.45167251735294,21.46894022423302,21.62012956273738,18119460
SOUTHBANK,2013-01-16,21.09096336364746,22.187088357204455,21.015368701282302,22.111493694839293,7364919
SOUTHBANK,2013-01-17,21.24215316772461,21.46893875277914,20.63739426231499,21.166558503653594,3184199
SOUTHBANK,2013-01-18,21.393342971801758,21.657925098357186,21.204357103840614,21.317748306048998,3299692
SOUTHBANK,2013-01-21,21.50673484802246,21.733518835591884,21.279950860453035,21.582329510545602,2613163
SOUTHBANK,2013-01-22,21.24215316772461,21.846912073134224,21.166558503653594,21.54453341685016,3108904
SOUTHBANK,2013-01-23,21.05316734313965,21.46894041702264,20.788585201960295,21.355547615705316,2699786
SOUTHBANK,2013-01-24,20.183822631835938,21.166556350472945,19.994835194462514,21.166556350472945,4667953
SOUTHBANK,2013-01-25,20.78858184814453,20.939772756456584,19.957039020214328,20.10822833568503,2225039
SOUTHBANK,2013-01-28,20.939775466918945,21.16655946948011,20.675193334176807,20.864179206557,1872223
SOUTHBANK,2013-01-29,20.448406219482422,21.355545348010864,20.25941876830221,20.939773911119264,3731570
SOUTHBANK,2013-01-30,20.33501434326172,20.6751927263652,20.146028476437355,20.59959646822564,2099909
SOUTHBANK,2013-01-31,20.524002075195312,20.712989537368262,20.183825280420617,20.372812742593567,1688027
SOUTHBANK,2013-02-01,20.864177703857422,21.090963282926378,20.410609731402396,20.561799055554072,3015322
SOUTHBANK,2013-02-04,20.297218322753906,21.128762847843696,20.22162365553512,20.93977538337595,1512225
SOUTHBANK,2013-02-05,20.372814178466797,20.637396325588334,19.919244555852497,20.07043389911005,2004872
SOUTHBANK,2013-02-06,20.25942039489746,20.826382793958565,20.146029189358494,20.48620599165853,1456757
SOUTHBANK,2013-02-07,20.183822631835938,20.52399938197157,19.805849349930416,19.957038662692625,2514560
SOUTHBANK,2013-02-08,20.22162437438965,20.335015582827978,19.99483877182977,20.25942091292189,1722624
SOUTHBANK,2013-02-11,20.070432662963867,20.372812923696888,19.84364866204526,19.84364866204526,1024451
SOUTHBANK,2013-02-12,20.22162437438965,20.372813714201826,19.579067290925472,20.183826243015798,2525059
SOUTHBANK,2013-02-13,19.730257034301758,20.524001816892078,19.654662368952277,20.259419691748136,1904894
SOUTHBANK,2013-02-14,18.97430992126465,20.48620650424001,18.67192964896461,20.48620650424001,4429433
SOUTHBANK,2013-02-15,18.936511993408203,19.125499466521433,18.747524520294974,18.89871545449053,5489760
SOUTHBANK,2013-02-18,19.08769989013672,19.352282013902396,18.89871402416824,18.89871402416824,1238226
SOUTHBANK,2013-02-19,19.27668571472168,19.314483840415857,18.898712421986765,18.898712421986765,2825620
SOUTHBANK,2013-02-20,19.238893508911133,19.465677535558346,19.163297240520336,19.352284725813874,1288297
SOUTHBANK,2013-02-21,18.823116302490234,19.163293064755926,18.747521643413567,19.163293064755926,1404888
SOUTHBANK,2013-02-22,18.860916137695312,19.012105469549983,18.785321471767976,18.860916137695312,1129070
SOUTHBANK,2013-02-25,18.785322189331055,19.23889179506208,18.70972752051615,19.08770086459068,1777263
SOUTHBANK,2013-02-26,18.520740509033203,18.860917323514496,18.331753035912126,18.671929850393415,2477613
SOUTHBANK,2013-02-27,18.860916137695312,19.27668759671642,18.4451446786742,19.27668759671642,1618099
SOUTHBANK,2013-02-28,18.898714065551758,19.42787672140034,18.142764228656482,19.012105266812842,2783405
SOUTHBANK,2013-03-01,18.520740509033203,19.087701335554815,18.445145838353096,19.087701335554815,3765342
SOUTHBANK,2013-03-04,18.18056297302246,18.55853631142242,18.104966712500907,18.520739774003204,1450947
SOUTHBANK,2013-03-05,18.55853843688965,18.67193124781704,18.256159731538936,18.293956273286906,920389
SOUTHBANK,2013-03-06,18.634132385253906,18.974309182826513,18.52073958844919,18.59633425537182,1103439
SOUTHBANK,2013-03-07,18.67192840576172,18.785321199429582,18.44514441126749,18.59633374093031,780550
SOUTHBANK,2013-03-08,18.823116302490234,19.049901872561616,18.59633232526023,18.747521643413567,1248959
SOUTHBANK,2013-03-11,18.860916137695312,18.97430893300708,18.70972680584064,18.898714267079743,1180069
SOUTHBANK,2013-03-12,18.596332550048828,18.898712782851987,18.52073789005839,18.898712782851987,2992537
SOUTHBANK,2013-03-13,18.44514274597168,18.558533936560668,18.293951837117437,18.520737403978124,1056679
SOUTHBANK,2013-03-14,18.898714065551758,19.012105266812842,18.3317516878803,18.48294101812275,1678993
SOUTHBANK,2013-03-15,18.482942581176758,19.087701546130955,18.293955105970763,19.012106874616883,2419186
SOUTHBANK,2013-03-18,18.407346725463867,19.049903781258333,18.256157392162184,18.331752058813024,938612
SOUTHBANK,2013-03-19,18.218358993530273,18.59633391404747,17.72699287113113,18.180562457183463,1468249
SOUTHBANK,2013-03-20,17.65140151977539,18.369551773617893,16.857654993362488,18.256160550445916,4087604
SOUTHBANK,2013-03-21,17.349016189575195,17.991573170662388,17.19782687385163,17.651396413863683,1545432
SOUTHBANK,2013-03-22,17.462411880493164,17.6136012213916,16.63086891271014,16.63086891271014,1513245
SOUTHBANK,2013-03-25,17.538005828857422,17.764789830867795,17.34901836409467,17.726993293620176,1229325
SOUTHBANK,2013-03-26,17.61359977722168,17.689194441472758,17.31122112021736,17.651397905767965,1018434
SOUTHBANK,2013-03-28,18.520740509033203,18.671929850393415,17.613601275188678,17.726994077629648,2320182
SOUTHBANK,2013-04-01,18.55853843688965,19.01210808775746,18.218361596949226,19.01210808775746,729064
SOUTHBANK,2013-04-02,18.67192840576172,18.860915864260992,18.29395348876317,18.29395348876317,990013
SOUTHBANK,2013-04-03,18.44514274597168,18.8231160360039,18.293951837117437,18.747521377997455,999590
SOUTHBANK,2013-04-04,17.42461585998535,18.3695500651285,17.31122305451784,18.142766047035146,2448474
SOUTHBANK,2013-04-05,17.27342414855957,17.726993757285385,17.084438271695277,17.538006287579496,2397432
SOUTHBANK,2013-04-08,17.23563003540039,17.500212211647394,17.12223721905401,17.500212211647394,1000881
SOUTHBANK,2013-04-09,16.819856643676758,17.57580495262506,16.706463839839934,17.500210281014397,2033429
SOUTHBANK,2013-04-10,17.1600341796875,17.235628854458255,16.81985734679825,17.046641371110514,1437104
SOUTHBANK,2013-04-11,17.23563003540039,17.386819395301014,17.084440675499764,17.23563003540039,1108956
SOUTHBANK,2013-04-12,17.197830200195312,17.3112230053407,17.00884431540855,17.160033660374623,959995
SOUTHBANK,2013-04-15,17.349016189575195,17.5758017560019,17.160030341341415,17.424612440278334,1016595
SOUTHBANK,2013-04-16,17.61359977722168,17.726992570019043,17.235626455966283,17.386815784468443,1164094
SOUTHBANK,2013-04-17,17.726993560791016,17.878182897743233,17.575804223838798,17.575804223838798,1117122
SOUTHBANK,2013-04-18,17.878185272216797,17.95377995073294,17.57580655815223,17.915983407895762,1218242
SOUTHBANK,2013-04-22,18.104969024658203,18.21836183708019,17.840386857568078,17.840386857568078,1116065
SOUTHBANK,2013-04-23,17.953777313232422,18.14276477818046,17.878182645821518,18.14276477818046,1190475
SOUTHBANK,2013-04-25,18.029373168945312,18.142765973956077,17.953778496552022,18.067171301562787,1126189
SOUTHBANK,2013-04-26,17.953777313232422,18.14276477818046,17.878182645821518,18.14276477818046,895210
SOUTHBANK,2013-04-29,18.029373168945312,18.142765973956077,17.840385691541258,17.840385691541258,663720
SOUTHBANK,2013-04-30,18.029373168945312,18.256158778966842,17.953778496552022,18.067171301562787,792946
SOUTHBANK,2013-05-02,18.25615882873535,18.40734817393409,18.029373218095575,18.067171350816093,1059431
SOUTHBANK,2013-05-03,18.142765045166016,18.256157844371817,18.029372245960214,18.218359713689356,1094215
SOUTHBANK,2013-05-06,18.293954849243164,19.08770127826434,18.180563639984154,18.293954849243164,5888534
SOUTHBANK,2013-05-07,18.596332550048828,18.898712782851987,18.52073789005839,18.55853442363291,2833911
SOUTHBANK,2013-05-08,18.709726333618164,18.785320997637537,18.445144213129623,18.709726333618164,1338631
SOUTHBANK,2013-05-09,18.36954689025879,18.78531990749968,18.33175035686323,18.5207378023652,1091851
SOUTHBANK,2013-05-10,18.142765045166016,18.5207399806243,18.142765045166016,18.256157844371817,1247678
SOUTHBANK,2013-05-13,18.18056297302246,18.520739774003204,18.104966712500907,18.331752308382445,742434
SOUTHBANK,2013-05-14,18.293954849243164,18.520740453444425,18.029372706236106,18.142765508336737,980329
SOUTHBANK,2013-05-15,18.785322189331055,19.04990432660402,18.180563245970216,18.180563245970216,2743834
SOUTHBANK,2013-05-16,18.936511993408203,19.087701334762137,18.520740508264073,18.78532265205427,2731151
SOUTHBANK,2013-05-17,18.785322189331055,19.012106195775775,18.55853659004475,18.89871498897421,1186842
SOUTHBANK,2013-05-20,18.97430992126465,19.049904591129255,18.709727780317717,18.709727780317717,1868700
SOUTHBANK,2013-05-21,18.823116302490234,19.01210374660259,18.558534199301207,18.89871255440828,1197726
SOUTHBANK,2013-05-22,18.74752426147461,18.97430986321623,18.709727723078743,18.89871519358289,1694450
SOUTHBANK,2013-05-23,18.596332550048828,18.70972533645519,17.99157367728391,18.596332550048828,1803724
SOUTHBANK,2013-05-24,18.898714065551758,18.974308730672984,18.256157022759073,18.52073914710412,1648400
SOUTHBANK,2013-05-27,18.936511993408203,19.01210666408517,18.634133310700335,18.634133310700335,971848
SOUTHBANK,2013-05-28,19.125497817993164,19.276687146315286,18.70972636868658,18.89871382550998,2302451
SOUTHBANK,2013-05-29,18.936511993408203,19.2010941371984,18.89871545449053,19.049904795844466,2448871
SOUTHBANK,2013-05-30,18.898714065551758,18.974308730672984,18.7475231424678,18.86091593657039,603446
SOUTHBANK,2013-05-31,18.898714065551758,18.974308730672984,18.785321271449163,18.785321271449163,1207354
SOUTHBANK,2013-06-03,18.785322189331055,18.89871498897421,18.52074005205809,18.89871498897421,682844
SOUTHBANK,2013-06-04,18.898714065551758,19.012105266812842,18.7475231424678,18.86091593657039,1076567
SOUTHBANK,2013-06-05,18.898714065551758,18.936510601691616,18.785321271449163,18.898714065551758,428149
SOUTHBANK,2013-06-06,19.39008140563965,19.503472614037385,18.7475243224055,18.898715255005165,1421762
SOUTHBANK,2013-06-07,18.936511993408203,19.88144776613273,18.82311919097194,19.390081610311633,1840291
SOUTHBANK,2013-06-10,18.936511993408203,19.163296005439104,18.82311919097194,18.89871545449053,792491
SOUTHBANK,2013-06-11,18.898714065551758,18.974308730672984,18.558535683243978,18.823117807589025,1491814
SOUTHBANK,2013-06-12,18.898714065551758,18.974308730672984,18.671928477346572,18.86091593657039,799402
SOUTHBANK,2013-06-13,18.482942581176758,18.860917531588747,18.36954977748483,18.860917531588747,743128
SOUTHBANK,2013-06-14,18.596332550048828,18.86091465643607,18.48293976364247,18.48293976364247,542183
SOUTHBANK,2013-06-17,18.709726333618164,18.74752286920711,18.520738877148997,18.520738877148997,532495
SOUTHBANK,2013-06-18,18.142765045166016,18.78532211687678,18.029372245960214,18.74752398619432,1647884
SOUTHBANK,2013-06-19,18.104969024658203,18.936513661016498,18.029374347324133,18.104969024658203,4434833
SOUTHBANK,2013-06-20,17.82766342163086,18.25490567905387,17.749983159989107,18.25490567905387,1740364
SOUTHBANK,2013-06-21,15.963330268859863,17.983023370330983,15.419568504233904,17.827661229365603,9288575
SOUTHBANK,2013-06-24,16.740137100219727,16.973177870922658,16.002172204480495,16.002172204480495,2744268
SOUTHBANK,2013-06-25,16.118694305419922,17.012019764685164,15.147688584929886,16.77897734422405,3809227
SOUTHBANK,2013-06-26,16.312894821166992,16.584776565198457,16.235214556698974,16.312894821166992,1184522
SOUTHBANK,2013-06-27,16.778974533081055,17.05085622021025,16.701294284870777,16.778974533081055,2937907
SOUTHBANK,2013-06-28,17.788820266723633,17.86650051158604,16.93433593645077,16.93433593645077,2538509
SOUTHBANK,2013-07-01,17.82766342163086,18.177225417412117,17.749983159989107,17.944184632486856,3100394
SOUTHBANK,2013-07-02,18.060705184936523,18.216065702556335,17.672302254100323,17.866503719518423,1503717
SOUTHBANK,2013-07-03,17.86650276184082,18.060704216849363,17.74998156147838,17.905343707557165,1589223
SOUTHBANK,2013-07-04,17.86650276184082,18.138384471495463,17.633461997902522,17.82766181612448,1626385
SOUTHBANK,2013-07-05,18.099546432495117,18.293747918691658,17.944185898252627,17.944185898252627,2282154
SOUTHBANK,2013-07-08,17.86650276184082,18.138384471495463,17.82766181612448,18.099543525779122,1000459
SOUTHBANK,2013-07-09,17.983022689819336,18.138383188119043,17.7499803055833,17.90534244066948,1207845
SOUTHBANK,2013-07-10,17.983022689819336,18.138383188119043,17.90534244066948,17.90534244066948,806764
SOUTHBANK,2013-07-11,18.177227020263672,18.332587557246733,18.060707435919817,18.060707435919817,1298079
SOUTHBANK,2013-07-12,17.86650276184082,18.604465999372064,17.47810148861032,18.487946435796207,2629729
SOUTHBANK,2013-07-15,17.86650276184082,17.94418301648692,17.36158028824788,17.47810148861032,1881543
SOUTHBANK,2013-07-16,17.672304153442383,17.78882537257377,17.40042239999371,17.633464838256486,2088927
SOUTHBANK,2013-07-17,17.400421142578125,17.78882408709082,17.089700096397358,17.711143825545626,1917700
SOUTHBANK,2013-07-18,17.711145401000977,17.788825669456042,17.322742421938763,17.322742421938763,1650106
SOUTHBANK,2013-07-19,17.82766342163086,17.905345320059347,17.5946226367056,17.866504370845103,1090327
SOUTHBANK,2013-07-22,17.86650276184082,17.983023962203266,17.245059087885434,17.245059087885434,1162714
SOUTHBANK,2013-07-23,17.82766342163086,18.13838610498461,17.78882410920335,17.866504370845103,2534310
SOUTHBANK,2013-07-24,17.089698791503906,17.788822728815372,16.89549733407592,17.788822728815372,2153988
SOUTHBANK,2013-07-25,17.245059967041016,17.400420484253516,17.128540397524976,17.128540397524976,863025
SOUTHBANK,2013-07-26,17.400421142578125,17.47810304091005,16.89549862414101,17.20622130710851,2251746
SOUTHBANK,2013-07-29,17.206218719482422,17.478100412395946,16.9343370265689,17.40041852574652,1489830
SOUTHBANK,2013-07-30,16.778974533081055,17.439259098048083,16.623614036660502,17.16737741091889,2254343
SOUTHBANK,2013-07-31,17.478103637695312,18.177226015473394,15.846813179186091,16.778977986343655,3969208
SOUTHBANK,2013-08-01,16.507095336914062,17.866503977698216,16.27405455711679,17.67230250947381,1917622
SOUTHBANK,2013-08-02,16.312894821166992,16.856659946016713,16.196375242858362,16.70129778029388,874705
SOUTHBANK,2013-08-05,16.351734161376953,16.545935621814266,16.196373647741755,16.31289321457484,668817
SOUTHBANK,2013-08-06,15.691452980041504,16.390577009275948,15.536090811599653,16.390577009275948,1889130
SOUTHBANK,2013-08-07,15.924490928649902,16.079851432511102,15.574928976568932,15.769130424788699,1243215
SOUTHBANK,2013-08-08,15.846813201904297,16.157534259140007,15.76913293759537,15.885652515665365,814335
SOUTHBANK,2013-08-12,15.885652542114258,16.07985402160331,15.76913296385026,15.846813228288523,710309
SOUTHBANK,2013-08-13,16.118694305419922,16.157533617638958,15.807971623734014,15.963332146183605,1267670
SOUTHBANK,2013-08-14,16.235212326049805,16.507094032725877,16.07985181845964,16.196373017545547,897922
SOUTHBANK,2013-08-16,15.846813201904297,16.274055473996796,15.76913293759537,16.274055473996796,1026154
SOUTHBANK,2013-08-19,15.652612686157227,16.15753525363665,15.497252147976926,16.15753525363665,1167474
SOUTHBANK,2013-08-20,15.574930191040039,15.730290707015635,15.341889417076644,15.691451396415065,1166881
SOUTHBANK,2013-08-21,15.652612686157227,16.50709728293577,15.536091464128555,16.15753525363665,2329750
SOUTHBANK,2013-08-22,15.652612686157227,15.846814177276048,15.458411195038405,15.846814177276048,1123391
SOUTHBANK,2013-08-23,15.730292320251465,15.924493803530817,15.574931788342713,15.652612054297089,724714
SOUTHBANK,2013-08-26,15.730292320251465,15.924493803530817,15.69145300566769,15.730292320251465,687566
SOUTHBANK,2013-08-27,15.303049087524414,15.769132291055193,15.225368826400405,15.769132291055193,1428914
SOUTHBANK,2013-08-28,15.108845710754395,15.30304715746459,14.83696564950394,15.225366906137815,1294490
SOUTHBANK,2013-08-29,15.225369453430176,15.419570932631403,14.875807445582684,14.875807445582684,781193
SOUTHBANK,2013-08-30,15.186530113220215,15.497251169971738,15.108848212245546,15.22536942692076,874520
SOUTHBANK,2013-09-02,15.341886520385742,15.497247007027834,15.18652603374365,15.264206277064696,561693
SOUTHBANK,2013-09-03,14.992326736450195,15.497249208145726,14.914646482096003,15.419568953791535,952308
SOUTHBANK,2013-09-04,14.953486442565918,15.10884695804505,14.720445669347225,14.953486442565918,1344697
SOUTHBANK,2013-09-05,15.652612686157227,15.691453639095746,15.341891609796624,15.341891609796624,2334187
SOUTHBANK,2013-09-06,15.691452980041504,15.846813511696531,15.419571231251794,15.730292294561849,956089
SOUTHBANK,2013-09-10,15.769131660461426,16.041011745129847,15.691451402443782,15.84681191847907,1096206
SOUTHBANK,2013-09-11,16.002172470092773,16.118693675771635,15.613771179141004,15.613771179141004,1555065
SOUTHBANK,2013-09-12,16.041013717651367,16.35173642471736,15.963333450081585,16.002174402259907,1172981
SOUTHBANK,2013-09-13,16.07985496520996,16.235215503203435,15.96333374332141,16.002174696213224,668127
SOUTHBANK,2013-09-16,16.390575408935547,17.012019111666056,16.15753299741994,16.62361618366449,1582829
SOUTHBANK,2013-09-17,16.041013717651367,16.39057737689568,16.002174402259907,16.312895472539036,645544
SOUTHBANK,2013-09-18,15.963330268859863,16.196372661914662,15.88565001677044,15.963330268859862,632123
SOUTHBANK,2013-09-19,16.429414749145508,16.856658625428565,16.312893543178614,16.351734490763135,3223973
SOUTHBANK,2013-09-20,15.846813201904297,16.58477653123251,15.652611722738582,16.58477653123251,2307852
SOUTHBANK,2013-09-23,15.652612686157227,15.924494446366198,15.613773370005596,15.807973224337527,941768
SOUTHBANK,2013-09-24,15.691452980041504,15.885652826216877,15.536090811599653,15.652612028734335,571166
SOUTHBANK,2013-09-25,15.574930191040039,15.807970965003435,15.536089243652812,15.652610449027838,664294
SOUTHBANK,2013-09-26,15.574930191040039,15.730290707015635,15.536089243652812,15.536089243652812,733943
SOUTHBANK,2013-09-27,15.574930191040039,15.652610449027838,15.497249933052242,15.613771138427268,609355
SOUTHBANK,2013-09-30,15.380729675292969,15.57493115062066,15.341890362299486,15.536090200840418,675925
SOUTHBANK,2013-10-01,15.380729675292969,15.536090200840418,15.303049412519243,15.458409938066692,890346
SOUTHBANK,2013-10-03,15.419569969177246,15.57493048811619,15.380729021049167,15.458409280518637,1181023
SOUTHBANK,2013-10-04,15.4972505569458,15.613771767011777,15.380729346879823,15.4584096079949,613636
SOUTHBANK,2013-10-07,15.380729675292969,15.536090200840418,15.341890362299486,15.497250887846935,820453
SOUTHBANK,2013-10-08,15.341886520385742,15.769128677044668,15.303045580332045,15.613768190402576,1371555
SOUTHBANK,2013-10-09,15.303049087524414,15.458409609772433,15.264209775355772,15.303049087524414,1236497
SOUTHBANK,2013-10-10,15.264209747314453,15.49725053025837,15.264209747314453,15.341890008295758,1241700
SOUTHBANK,2013-10-11,15.303049087524414,15.4972505587278,15.225368826400405,15.380729348648424,2287014
SOUTHBANK,2013-10-14,16.856660842895508,17.01202138009769,15.419571781808134,15.574932319010315,10074901
SOUTHBANK,2013-10-15,16.27405548095703,17.128541662294275,16.19637521661488,17.089700711729805,3694288
SOUTHBANK,2013-10-17,16.07985496520996,16.584777532082196,15.846814158219749,16.3905776779838,5169466
SOUTHBANK,2013-10-18,16.429414749145508,16.584775265910256,16.196373973998384,16.312893543178614,2747958
SOUTHBANK,2013-10-21,16.701297760009766,17.050859768084695,16.507096280682184,16.545937231262418,3070207
SOUTHBANK,2013-10-22,16.740137100219727,16.895497614021682,16.46825538267299,16.54593563957397,1809392
SOUTHBANK,2013-10-23,16.62361717224121,17.05085943637827,16.5070959595541,16.778977697966187,2360471
SOUTHBANK,2013-10-24,16.429414749145508,16.817817677844047,16.390575438347653,16.701296471877153,1174595
SOUTHBANK,2013-10-25,16.27405548095703,16.778978017574406,16.15753426605041,16.468256960205803,1663813
SOUTHBANK,2013-10-28,16.196372985839844,16.468254691983685,16.157532040625053,16.27405323948286,932582
SOUTHBANK,2013-10-29,16.390575408935547,16.62361618366449,15.963331533419156,16.196373944934763,1908961
SOUTHBANK,2013-10-30,16.27405548095703,16.545937224547956,16.23521453039256,16.390576695863654,969927
SOUTHBANK,2013-10-31,16.4682559967041,16.584775568006766,15.963331852841328,15.963331852841328,1718621
SOUTHBANK,2013-11-01,16.778974533081055,17.245057659129166,16.351732349531307,16.351732349531307,6334455
SOUTHBANK,2013-11-05,17.089698791503906,17.51694101577351,16.817817078462046,17.128539737704145,5129646
SOUTHBANK,2013-11-06,16.856660842895508,17.283903138594944,16.778978937507535,17.089701648698778,1905900
SOUTHBANK,2013-11-07,16.817819595336914,17.633464856528082,16.662459060858648,17.20622256831943,5298067
SOUTHBANK,2013-11-08,17.050859451293945,17.283901876872026,16.701297449713586,16.778977712644025,2122271
SOUTHBANK,2013-11-11,16.778974533081055,17.089697162708614,16.50709284595186,17.05085622021025,1358920
SOUTHBANK,2013-11-12,16.507095336914062,16.89549827336288,16.42941507698164,16.778977065070894,1245808
SOUTHBANK,2013-11-13,16.235212326049805,16.584774286520958,16.07985181845964,16.390574470426536,1658678
SOUTHBANK,2013-11-14,16.390575408935547,16.545935925421507,16.23521325566292,16.351734461420723,1933286
SOUTHBANK,2013-11-18,16.390575408935547,16.584775236149667,16.3128935139059,16.507094977906686,1458768
SOUTHBANK,2013-11-19,16.701297760009766,16.895499239337347,16.351735751934836,16.390576702515066,2403236
SOUTHBANK,2013-11-20,16.507095336914062,16.740137753498033,16.42941507698164,16.584775596846487,1544186
SOUTHBANK,2013-11-21,16.312894821166992,16.468256986889823,16.235214556698974,16.3517357717944,1072514
SOUTHBANK,2013-11-22,16.157535552978516,16.468258271882597,16.079855282449223,16.312896094037097,1016258
SOUTHBANK,2013-11-25,16.157535552978516,16.39057800135331,16.079855282449223,16.235215823507804,1430208
SOUTHBANK,2013-11-26,15.885652542114258,16.235214550479835,15.76913296385026,16.118694972215838,1626268
SOUTHBANK,2013-11-27,15.924490928649902,16.0021711805805,15.807969732360736,15.807969732360736,765449
SOUTHBANK,2013-11-28,15.807971954345703,16.079853692712053,15.769132641314375,15.924493167013212,1121813
SOUTHBANK,2013-11-29,15.924490928649902,16.041010488152537,15.807969732360736,15.807969732360736,1302756
SOUTHBANK,2013-12-02,16.157535552978516,16.468258271882597,16.002175011919935,16.079855282449223,3187398
SOUTHBANK,2013-12-03,16.041013717651367,16.235215204969254,16.002174402259907,16.157534937399472,859205
SOUTHBANK,2013-12-04,15.885652542114258,16.118694972215838,15.846813228288523,16.002173757165046,1235379
SOUTHBANK,2013-12-05,16.118694305419922,16.31289414008855,15.963332146183605,15.963332146183605,1323910
SOUTHBANK,2013-12-06,16.118694305419922,16.157533617638958,15.92449283396457,16.118694305419922,990151
SOUTHBANK,2013-12-09,16.196372985839844,16.50709400041191,16.118692732196827,16.390574438340668,1933060
SOUTHBANK,2013-12-10,16.002172470092773,16.235213244663836,15.924492211902418,16.235213244663836,924316
SOUTHBANK,2013-12-11,15.885652542114258,16.002173757165046,15.807972277675995,15.924493492726786,698694
SOUTHBANK,2013-12-12,15.846813201904297,16.07985399483108,15.76913293759537,15.807972251356437,779295
SOUTHBANK,2013-12-13,15.652612686157227,15.807973224337527,15.574932417067076,15.769133908185898,966518
SOUTHBANK,2013-12-16,15.458410263061523,15.691452693068898,15.419570949251488,15.57493147806521,1026758
SOUTHBANK,2013-12-17,15.419569969177246,15.613771436244269,15.380729021049167,15.458409280518637,824325
SOUTHBANK,2013-12-18,15.574930191040039,15.691451396415065,15.419569675064443,15.419569675064443,955871
SOUTHBANK,2013-12-19,15.303049087524414,15.652611080975817,15.303049087524414,15.574930819851808,1059415
SOUTHBANK,2013-12-20,15.536090850830078,15.61377275364057,15.264210738140664,15.341891004164328,1057871
SOUTHBANK,2013-12-23,15.574930191040039,15.691451396415065,15.536089243652812,15.536089243652812,1003422
SOUTHBANK,2013-12-24,15.574930191040039,15.730290707015635,15.497249933052242,15.613771138427268,1123326
SOUTHBANK,2013-12-26,15.924490928649902,16.041010488152537,15.574928976568932,15.691450172858099,3901708
SOUTHBANK,2013-12-27,15.924490928649902,16.390574077020037,15.885649984291335,16.351733132661472,4290971
SOUTHBANK,2013-12-30,15.769131660461426,16.079852692532,15.691451402443782,16.002172434514357,1258933
SOUTHBANK,2013-12-31,15.769131660461426,15.84681191847907,15.65261045504163,15.807970971076918,1335396
SOUTHBANK,2014-01-01,16.07985496520996,16.19637618709851,15.769133889223012,15.807973205327935,1715246
SOUTHBANK,2014-01-02,16.041013717651367,16.623618179605028,16.002174402259907,16.118695622008012,5227385
SOUTHBANK,2014-01-03,16.002172470092773,16.118693675771635,15.846811953712065,16.002172470092773,1265696
SOUTHBANK,2014-01-06,15.963330268859863,16.157531717476687,15.924490961208418,16.00217121329784,896216
SOUTHBANK,2014-01-07,15.885652542114258,16.15753428604157,15.846813228288523,16.002173757165046,931771
SOUTHBANK,2014-01-08,15.924490928649902,16.079851432511102,15.8468106767193,16.0021711805805,1197883
SOUTHBANK,2014-01-09,15.846813201904297,16.041013044283222,15.846813201904297,15.885652515665365,796475
SOUTHBANK,2014-01-10,15.652612686157227,16.00217471545635,15.574932417067076,15.924494446366198,1292412
SOUTHBANK,2014-01-13,15.652612686157227,15.846814177276048,15.497252147976926,15.730292955247377,1182194
SOUTHBANK,2014-01-14,15.61377239227295,15.76913292072459,15.574931441766644,15.652611705992465,732498
SOUTHBANK,2014-01-15,15.691452980041504,15.807972560389363,15.61377271421399,15.652612028734335,1035569
SOUTHBANK,2014-01-16,15.963330268859863,16.623614866799755,15.769130457029572,15.769130457029572,9180353
SOUTHBANK,2014-01-17,15.730292320251465,16.23521486734832,15.69145300566769,16.11869528681017,1721998
SOUTHBANK,2014-01-20,16.429414749145508,16.507095007527884,15.846811992884367,15.924492251266742,52345112
SOUTHBANK,2014-01-21,16.118694305419922,16.5847758727687,16.041012407408402,16.5847758727687,3238443
SOUTHBANK,2014-01-22,16.196372985839844,16.312892547911087,15.924491279696003,15.924491279696003,1426203
SOUTHBANK,2014-01-23,16.118694305419922,16.429415350319108,16.079853356414162,16.196374566644717,2373468
SOUTHBANK,2014-01-24,15.963330268859863,16.11869240982524,15.924490961208418,16.079851465387264,1559940
SOUTHBANK,2014-01-27,15.61377239227295,15.924493449176232,15.536090491260339,15.924493449176232,2082120
SOUTHBANK,2014-01-28,15.536090850830078,15.7691332856879,15.497251536211659,15.652612068258989,1517152
SOUTHBANK,2014-01-29,15.536090850830078,15.7691332856879,15.497251536211659,15.61377275364057,1060998
SOUTHBANK,2014-01-30,15.536090850830078,15.574931802235325,15.186530472116997,15.380730318782748,2076708
SOUTHBANK,2014-01-31,15.574930191040039,15.652610449027838,15.419569675064443,15.574930191040039,1548648
SOUTHBANK,2014-02-03,15.458410263061523,15.57493147806521,15.419570949251488,15.536090527468383,1118030
SOUTHBANK,2014-02-04,15.536090850830078,15.61377275364057,15.264210738140664,15.419571270187994,1275122
SOUTHBANK,2014-02-05,15.536090850830078,15.652612068258989,15.458410584806412,15.574931802235325,588636
SOUTHBANK,2014-02-06,15.61377239227295,15.69145265649877,15.380729962808697,15.61377239227295,957980
SOUTHBANK,2014-02-07,15.574930191040039,15.769131654402864,15.458408985665013,15.730290707015635,799614
SOUTHBANK,2014-02-10,15.380729675292969,15.769132625948352,15.341890362299486,15.769132625948352,1021970
SOUTHBANK,2014-02-11,15.4972505569458,15.574930818060876,15.419570295830724,15.4584096079949,980531
SOUTHBANK,2014-02-12,15.536090850830078,15.61377275364057,15.458410584806412,15.536090850830078,776932
SOUTHBANK,2014-02-13,15.458410263061523,15.613772428662037,15.419570949251488,15.57493147806521,871304
SOUTHBANK,2014-02-14,15.536090850830078,15.61377275364057,15.303050052759081,15.536090850830078,1250239
SOUTHBANK,2014-02-17,15.419569969177246,15.613771436244269,15.380729021049167,15.613771436244269,456737
SOUTHBANK,2014-02-18,15.536090850830078,15.61377275364057,15.419571270187994,15.458410584806412,1060510
SOUTHBANK,2014-02-19,15.652612686157227,15.769133908185898,15.380730925948255,15.536091464128555,1051920
SOUTHBANK,2014-02-20,15.691452980041504,15.769133245869018,15.497251497079308,15.574931762906822,1026618
SOUTHBANK,2014-02-21,16.118694305419922,16.429415350319108,15.536089891053866,15.652611101284421,2723027
SOUTHBANK,2014-02-24,16.235212326049805,16.35173352513571,15.807970111783568,16.196373017545547,2569019
SOUTHBANK,2014-02-25,16.312894821166992,16.468256986889823,15.963332812667511,16.157534292230956,3019999
SOUTHBANK,2014-02-26,16.390575408935547,16.46825566717853,16.15753299741994,16.274054203177744,1215340
SOUTHBANK,2014-02-28,16.390575408935547,16.62361618366449,16.196373944934763,16.3128935139059,1832992
SOUTHBANK,2014-03-03,16.235212326049805,16.429413778930794,16.15753207225472,16.27405327134063,2079234
SOUTHBANK,2014-03-04,16.157535552978516,16.312896094037097,16.11869623610733,16.27405677716591,1272465
SOUTHBANK,2014-03-05,17.711145401000977,17.86650593791111,16.196376074159975,16.23521538999407,15794881
SOUTHBANK,2014-03-06,17.478103637695312,17.983026173372874,17.24506120831583,17.866504958683134,3862458
SOUTHBANK,2014-03-07,17.322738647460938,17.672300597735592,17.24505839593174,17.3615795916188,2666753
SOUTHBANK,2014-03-10,17.245059967041016,17.633462896858937,17.167379708434765,17.167379708434765,1922353
SOUTHBANK,2014-03-11,17.478103637695312,18.177226015473394,17.24506120831583,17.24506120831583,4478604
SOUTHBANK,2014-03-12,17.128541946411133,17.51694327456443,17.089700995202392,17.47810396014251,882017
SOUTHBANK,2014-03-13,17.749984741210938,18.17722703669397,17.167381908604415,17.206222861278725,4660497
SOUTHBANK,2014-03-14,17.283903121948242,17.67230446457961,17.012021363712844,17.67230446457961,2027149
SOUTHBANK,2014-03-18,17.633464813232422,17.78882534732923,17.245061841203558,17.245061841203558,2138705
SOUTHBANK,2014-03-19,17.516942977905273,17.78882472140152,17.478103664141116,17.78882472140152,1096355
SOUTHBANK,2014-03-20,17.206218719482422,17.672300218660045,17.128538469619485,17.40041852574652,1179088
SOUTHBANK,2014-03-21,17.400421142578125,17.633463564000436,17.20622130710851,17.283901568653704,1101306
SOUTHBANK,2014-03-24,17.672304153442383,17.94418590689105,17.478104303939205,17.478104303939205,5263084
SOUTHBANK,2014-03-25,17.43926239013672,17.788824391464594,17.40042144030617,17.633463865715928,1901944
SOUTHBANK,2014-03-26,17.478103637695312,17.63346416609044,17.361582423005572,17.5169429514007,1788299
SOUTHBANK,2014-03-27,17.283903121948242,17.82766500163216,17.245062169291668,17.43926365900079,3588493
SOUTHBANK,2014-03-28,17.633464813232422,17.944185881426034,17.283902793121182,17.361583060169586,5701439
SOUTHBANK,2014-03-31,17.283903121948242,17.59462419605334,16.856660826660296,17.012021363712844,8475206
SOUTHBANK,2014-04-01,17.43926239013672,17.749983441634047,16.973179176103965,17.283901864388053,5928533
SOUTHBANK,2014-04-02,18.021865844726562,18.216067327467844,17.555784250291673,17.86650531324827,7327819
SOUTHBANK,2014-04-03,17.672304153442383,18.177226708366973,17.555784571097846,18.177226708366973,3452695
SOUTHBANK,2014-04-04,17.633464813232422,17.78882534732923,17.555784546184018,17.672304128363198,1964766
SOUTHBANK,2014-04-07,17.43926239013672,17.827663704508378,17.283901864388053,17.633463865715928,2292838
SOUTHBANK,2014-04-09,18.682147979736328,18.798667543866845,17.478101571810345,17.478101571810345,13830128
SOUTHBANK,2014-04-10,18.682147979736328,19.2647507107487,18.449105577902102,18.83750848976808,8620506
SOUTHBANK,2014-04-11,19.458951950073242,19.808513912146815,18.332584172914768,18.64330682630604,10826308
SOUTHBANK,2014-04-15,19.070552825927734,19.76967852556064,18.449109032643854,19.691996619211615,6835990
SOUTHBANK,2014-04-16,18.720989227294922,19.187072442436847,18.216066699016785,19.109392179377654,5754675
SOUTHBANK,2014-04-17,18.83751106262207,18.954032279453816,18.52678836333302,18.682150531370954,2671827
SOUTHBANK,2014-04-21,19.070552825927734,19.342434587788613,18.759831747679243,19.031713509540122,3498528
SOUTHBANK,2014-04-22,19.303592681884766,20.196918117192727,19.187071474779085,19.730834925556685,11567993
SOUTHBANK,2014-04-23,19.34243392944336,19.575476366984724,19.187073395607015,19.264753662525187,3079517
SOUTHBANK,2014-04-24,19.34243392944336,19.34243392944336,19.34243392944336,19.34243392944336,0
SOUTHBANK,2014-04-25,18.759828567504883,19.26475105245745,18.332584702159423,19.031710283276254,5930585
SOUTHBANK,2014-04-28,18.643306732177734,18.876347493454656,18.487946224659787,18.643306732177734,2963131
SOUTHBANK,2014-04-29,18.371427536010742,18.915191023413254,18.254906321056833,18.68215023029223,2831983
SOUTHBANK,2014-04-30,17.86650276184082,18.876347709026707,17.55578174325642,18.33258428971742,10207640
SOUTHBANK,2014-05-02,17.905345916748047,18.1383867094393,17.788824702009023,17.94418523046986,1583858
SOUTHBANK,2014-05-05,17.711145401000977,17.98302715898715,17.63346513254591,17.788825669456042,2485609
SOUTHBANK,2014-05-06,17.633464813232422,17.98302683334366,17.516943594266394,17.86650561437763,2151273
SOUTHBANK,2014-05-07,17.516942977905273,17.78882472140152,17.43926271359017,17.672303506535474,1603357
SOUTHBANK,2014-05-08,17.905345916748047,18.060706445208883,17.36158243034833,17.36158243034833,2658410
SOUTHBANK,2014-05-09,18.643306732177734,18.75982793120948,17.82766161252865,17.82766161252865,3815517
SOUTHBANK,2014-05-12,18.915189743041992,18.99287000215748,18.643308017744438,18.643308017744438,4308655
SOUTHBANK,2014-05-13,18.954030990600586,19.38127324088256,18.87634909347049,19.03171125094397,4978183
SOUTHBANK,2014-05-14,19.109392166137695,19.38127390504988,18.95403164012695,19.38127390504988,6090834
SOUTHBANK,2014-05-15,18.8763484954834,19.34243167956529,18.79866823760086,19.187071163800212,4725277
SOUTHBANK,2014-05-16,19.225914001464844,19.730836545739663,18.992871568117376,19.420115483658794,9989909
SOUTHBANK,2014-05-19,20.58531951904297,20.97372245354014,19.264751833253946,19.42011398912483,11103328
SOUTHBANK,2014-05-20,20.740678787231445,21.284442208017772,20.274597258088814,21.129081698303562,8432246
SOUTHBANK,2014-05-21,20.740678787231445,21.20676195316067,20.507638022660128,20.81835904208855,5379488
SOUTHBANK,2014-05-22,21.206762313842773,21.750525743877365,20.896039652343024,20.896039652343024,9470754
SOUTHBANK,2014-05-23,21.6728458404541,21.867047302454008,20.81835973501184,21.55632463589683,11114295
SOUTHBANK,2014-05-26,21.129085540771484,22.527333656053493,20.663002290081852,21.98357013638007,19162567
SOUTHBANK,2014-05-27,20.546476364135742,21.28444120570643,20.235755359339567,21.28444120570643,4134103
SOUTHBANK,2014-05-28,21.905887603759766,22.061249762459948,20.546478945050183,20.58531989392191,10143933
SOUTHBANK,2014-05-29,21.983570098876953,22.333132127101116,21.517488485769327,22.294292811068924,9988732
SOUTHBANK,2014-05-30,22.100086212158203,22.3719679086862,21.439801624365483,21.867045459471274,6444454
SOUTHBANK,2014-06-02,22.760372161865234,23.109934155344007,21.67284686925724,22.138930072824508,12753275
SOUTHBANK,2014-06-03,22.410810470581055,22.915732993128543,22.177769684048386,22.915732993128543,6469300
SOUTHBANK,2014-06-04,22.643850326538086,22.721530579908247,22.255447422900726,22.333127676270884,5614089
SOUTHBANK,2014-06-05,22.954574584960938,23.22645632858397,22.488491362066195,22.838053370040555,8983460
SOUTHBANK,2014-06-06,22.876893997192383,23.30413626347802,22.799213733939247,23.226456000224882,7470542
SOUTHBANK,2014-06-09,23.109933853149414,23.38181558194286,22.838052124355965,22.954573332920788,7515785
SOUTHBANK,2014-06-10,22.83805274963379,23.304135959867157,22.21661065170496,23.26529664713998,5865160
SOUTHBANK,2014-06-11,22.52733039855957,23.30413461285703,22.37196988305741,23.03225289233492,7049318
SOUTHBANK,2014-06-12,22.876893997192383,23.109934786951793,22.216610941147334,22.52733199415988,5109554
SOUTHBANK,2014-06-13,21.595165252685547,23.032252448572134,21.323283537401785,22.83805098954279,4756822
SOUTHBANK,2014-06-16,21.439804077148438,21.595166233500166,20.93488157016874,21.517485973717648,4551834
SOUTHBANK,2014-06-17,21.78936767578125,22.022408454855338,21.28444353260736,21.323284480846386,3534114
SOUTHBANK,2014-06-18,21.94472885131836,22.799213370259395,21.750527377889924,22.449651372802904,8209225
SOUTHBANK,2014-06-19,21.634002685546875,22.29428726160589,21.478642186516453,21.983564626758564,4036542
SOUTHBANK,2014-06-20,21.71169090270996,22.216613490181274,21.59516967606775,21.672849948233573,5219265
SOUTHBANK,2014-06-23,22.68269157409668,22.838052094119618,21.944728285594376,21.944728285594376,11213646
SOUTHBANK,2014-06-24,22.83805274963379,23.03225422362992,22.5661726501833,22.72153317466551,7065579
SOUTHBANK,2014-06-25,22.9934139251709,23.42065616757439,22.76037151165141,22.95457297732209,10871369
SOUTHBANK,2014-06-26,22.954574584960938,23.381816857286623,22.605012576986578,22.993415535529994,8558053
SOUTHBANK,2014-06-27,23.964418411254883,24.15861986715664,22.915730876742703,22.915730876742703,28205734
SOUTHBANK,2014-06-30,24.547019958496094,24.81890165629088,23.925576311648943,24.19745800944373,20284600
SOUTHBANK,2014-07-01,24.663545608520508,24.935427355422743,24.58586534323227,24.741225873808744,11327912
SOUTHBANK,2014-07-02,24.78006362915039,24.97426509854721,24.62470310834762,24.97426509854721,11624522
SOUTHBANK,2014-07-03,24.857744216918945,25.63454841680017,24.585862501442524,24.857744216918945,12868720
SOUTHBANK,2014-07-04,25.71223258972168,26.022953662290064,24.857748003371753,25.013108539655946,17947281
SOUTHBANK,2014-07-07,26.683237075805664,27.227000562669847,26.25599480378003,26.41135533237357,25243115
SOUTHBANK,2014-07-08,26.19495964050293,27.623775408021537,25.79806562838361,26.98874599217223,18500274
SOUTHBANK,2014-07-09,26.075891494750977,26.35371697290143,25.242415060299614,26.194960034692418,9900620
SOUTHBANK,2014-07-10,26.631540298461914,27.2665696725388,25.40117161793698,26.3537148427677,19234955
SOUTHBANK,2014-07-11,25.52024269104004,26.909370198962904,25.401175813624864,26.750613247363006,6984773
SOUTHBANK,2014-07-14,25.877443313598633,26.155268779165116,25.282103985995757,25.401172520544044,4750519
SOUTHBANK,2014-07-15,26.710922241210938,26.90936926007157,26.115582857198472,26.314028203489666,7371657
SOUTHBANK,2014-07-16,25.877443313598633,27.345949106940147,25.718686382580437,26.988745175864565,19940408
SOUTHBANK,2014-07-17,25.996509552001953,26.393403517061014,25.877441027970406,26.155266468997922,8473500
SOUTHBANK,2014-07-18,26.1552734375,26.353720472901415,25.52024392775722,25.798069442805286,6808357
SOUTHBANK,2014-07-21,26.075891494750977,26.393407043738364,25.99651302564647,25.99651302564647,4508922
SOUTHBANK,2014-07-22,25.401172637939453,26.27433743514428,25.16303556774229,26.19495896926832,5104419
SOUTHBANK,2014-07-23,25.242416381835938,25.758377294312428,24.647076996099173,25.758377294312428,11465566
SOUTHBANK,2014-07-24,24.845521926879883,25.321792726403505,24.726453390714322,25.163035793228964,4056820
SOUTHBANK,2014-07-25,24.25018310546875,25.043971188062752,23.89297913732923,24.686767219923233,4792903
SOUTHBANK,2014-07-28,23.89297866821289,24.408941246282442,23.77391179621712,24.250182629339044,3427191
SOUTHBANK,2014-07-30,23.853290557861328,24.09142597731204,23.25794950038039,23.972357431301962,4006516
SOUTHBANK,2014-07-31,23.932668685913086,24.488319662521945,23.77391174190182,23.853290213907453,3491673
SOUTHBANK,2014-08-01,23.575464248657227,24.17080361294012,23.416705635288324,23.654842719056987,3316284
SOUTHBANK,2014-08-04,23.73421859741211,23.89297552087358,23.575461673950638,23.654840135681372,2231254
SOUTHBANK,2014-08-05,23.73421859741211,24.250179434946492,23.575461673950638,23.813597059142843,3803000
SOUTHBANK,2014-08-06,23.297639846801758,23.813600764621444,23.218261372719457,23.615153743130964,2403289
SOUTHBANK,2014-08-07,22.86105728149414,23.49608674334506,22.78167880783396,23.33732812345524,3038189
SOUTHBANK,2014-08-08,22.146650314331055,22.66261125196703,21.98789336006914,22.622922849686315,3807193
SOUTHBANK,2014-08-11,21.987892150878906,22.543543132807955,21.908512005543813,22.26571764184343,2411160
SOUTHBANK,2014-08-12,22.30540657043457,22.464163519727396,22.106959547533805,22.106959547533805,2140758
SOUTHBANK,2014-08-13,21.551305770874023,22.34509376002515,21.35285877358624,22.30540369153989,2541686
SOUTHBANK,2014-08-14,22.106956481933594,22.305403477315462,21.471927100253165,21.55130556389206,4366762
SOUTHBANK,2014-08-18,23.13888168334961,23.337327021847994,21.90851121827113,21.987891360753732,4069120
SOUTHBANK,2014-08-19,23.41670799255371,23.654845100294676,22.821368568340404,23.25795103577277,3333075
SOUTHBANK,2014-08-20,22.9404354095459,23.377017844384312,22.86105693708159,23.377017844384312,2071257
SOUTHBANK,2014-08-21,23.496084213256836,23.734219608594664,22.86105481978669,22.90074321605836,3811276
SOUTHBANK,2014-08-22,22.821367263793945,23.734222221956816,22.70230038929928,23.49608680039803,3525916
SOUTHBANK,2014-08-25,21.987892150878906,23.09919244216757,21.471929569047973,22.861057023870593,3511981
SOUTHBANK,2014-08-26,22.38478660583496,22.543545238766526,21.829135571998457,22.02758260873572,1887923
SOUTHBANK,2014-08-27,22.06726837158203,22.503850763522706,21.868821373635562,22.384782230240972,2048317
SOUTHBANK,2014-08-28,22.0275821685791,22.265719276933183,21.868825211389417,21.987893765566458,1627922
SOUTHBANK,2014-09-01,22.146650314331055,22.464164222854876,21.868824808087943,22.146650314331055,2353421
SOUTHBANK,2014-09-02,22.30540657043457,22.543543666943282,22.146649621141748,22.265718169396102,2386794
SOUTHBANK,2014-09-03,22.30540657043457,22.50385359333534,22.146649621141748,22.384785045080985,1859030
SOUTHBANK,2014-09-04,21.987892150878906,22.226027569175884,21.908512005543813,22.146649096410226,1734283
SOUTHBANK,2014-09-05,22.265714645385742,22.70229702312755,21.987889191810194,21.987889191810194,2476186
SOUTHBANK,2014-09-08,22.38478660583496,22.622923718947515,22.226029645472984,22.305408125653972,1991972
SOUTHBANK,2014-09-09,22.146650314331055,22.54354437255536,22.106960239480813,22.38478574572392,2936334
SOUTHBANK,2014-09-10,22.30540657043457,22.424475118688928,21.987892671848922,22.146649621141748,2272347
SOUTHBANK,2014-09-11,22.86105728149414,23.178571176134874,22.38478476696359,22.38478476696359,5471342
SOUTHBANK,2014-09-12,22.821367263793945,23.099192758563923,22.741988789941015,23.019814284710996,3056291
SOUTHBANK,2014-09-15,22.38478660583496,22.622923718947515,22.265719721848274,22.305408125653972,3100391
SOUTHBANK,2014-09-16,21.868824005126953,22.583231945644055,21.829133931734017,22.345096522994844,2972747
SOUTHBANK,2014-09-17,21.749757766723633,22.14665185251399,21.59100080143535,21.987894887225703,1520613
SOUTHBANK,2014-09-18,22.106956481933594,22.34509354541953,21.7100641637391,21.7100641637391,2102439
SOUTHBANK,2014-09-19,21.908512115478516,22.34509622673453,21.829133642314545,22.226027680703847,2292274
SOUTHBANK,2014-09-22,22.22602653503418,22.26571660585501,21.829132517103297,21.987891127817264,2277836
SOUTHBANK,2014-09-23,21.868824005126953,22.305406449601907,21.749755457517615,22.1466495011691,2268811
SOUTHBANK,2014-09-24,21.829133987426758,22.10695948417772,21.630686965094718,21.670377038588914,1986009
SOUTHBANK,2014-09-25,21.11472511291504,22.027580037286175,21.035346642000512,21.829133023715162,2093549
SOUTHBANK,2014-09-26,20.876588821411133,21.154414294202134,20.44000641347365,20.91627721891309,2789003
SOUTHBANK,2014-09-29,20.598764419555664,21.075035249756557,20.559074347420882,20.87658990679089,1811841
SOUTHBANK,2014-09-30,20.638452529907227,20.83689785400972,20.519383997390328,20.678140925700024,1841846
SOUTHBANK,2014-10-01,20.241559982299805,20.757520872443006,20.162181512475417,20.7178324738155,2504206
SOUTHBANK,2014-10-07,19.606531143188477,20.40031753797147,19.52715267096712,20.20187219370279,2830311
SOUTHBANK,2014-10-08,19.328706741333008,19.76528919939214,19.249328264646756,19.44777529264714,2967296
SOUTHBANK,2014-10-09,20.479694366455078,20.598762901515165,19.44777263783194,19.44777263783194,3568737
SOUTHBANK,2014-10-10,20.003421783447266,20.559070994735407,19.924043324691816,20.32093561846906,1945907
SOUTHBANK,2014-10-13,20.241559982299805,20.40031692194858,19.685909020959727,19.76528749078411,1332213
SOUTHBANK,2014-10-14,20.83690071105957,21.114726209980184,20.281251385787826,20.281251385787826,2397366
SOUTHBANK,2014-10-15,20.83690071105957,20.83690071105957,20.83690071105957,20.83690071105957,0
SOUTHBANK,2014-10-16,20.479694366455078,21.15441383503653,20.320937434754487,20.63845297072496,2272597
SOUTHBANK,2014-10-17,20.75752067565918,20.95596768462353,20.4400067993717,20.47969519762296,1456950
SOUTHBANK,2014-10-20,20.876588821411133,21.27348115927733,20.598763348620132,21.03534575655761,1571157
SOUTHBANK,2014-10-21,20.08280372619629,21.273482486657816,19.924046781144007,20.836900051479333,4910579
SOUTHBANK,2014-10-22,20.16218376159668,20.320940718955026,20.122493685972316,20.28125231590022,1641463
SOUTHBANK,2014-10-27,21.154415130615234,21.273482000398154,20.638454234704213,20.717832705415955,2754117
SOUTHBANK,2014-10-28,21.710065841674805,21.829132710051017,21.154414880687913,21.194103279290193,3313430
SOUTHBANK,2014-10-29,21.948200225830078,22.18633729659823,21.789443293697506,21.789443293697506,2234310
SOUTHBANK,2014-10-30,21.710065841674805,21.98789132216825,21.51161883095529,21.90851117982495,1407662
SOUTHBANK,2014-10-31,22.0275821685791,22.186340798338342,21.90851361440206,21.987893765566458,2020668
SOUTHBANK,2014-11-03,22.265714645385742,22.46415996430896,21.987889191810194,22.265714645385742,2410715
SOUTHBANK,2014-11-05,22.424476623535156,22.74199054342831,22.146651107343853,22.424476623535156,2958499
SOUTHBANK,2014-11-07,22.0275821685791,22.821368627097073,21.868825211389417,22.622923266894748,2193491
SOUTHBANK,2014-11-10,21.749757766723633,22.186341930120882,21.511622318791204,22.067273369869845,1708681
SOUTHBANK,2014-11-11,22.464162826538086,22.781678387895454,21.710066504382006,21.948201920972963,2666364
SOUTHBANK,2014-11-12,22.265714645385742,22.66260695580138,22.226024578059576,22.38478150222583,1857720
SOUTHBANK,2014-11-13,22.265714645385742,22.543540098961294,21.908509057157858,22.543540098961294,2379138
SOUTHBANK,2014-11-14,21.749757766723633,22.345098895409166,21.35286368093328,22.14665185251399,3087333
SOUTHBANK,2014-11-17,21.630687713623047,21.90851321998814,21.233795327794002,21.630687713623047,3272509
SOUTHBANK,2014-11-18,21.471927642822266,22.106957040549105,21.352859108070582,21.59099617757395,3164464
SOUTHBANK,2014-11-19,20.99565887451172,21.749756939815335,20.876591991357152,21.47193142483872,4035555
SOUTHBANK,2014-11-20,20.955970764160156,21.43224332115027,20.797213802686652,20.99565916824373,2216961
SOUTHBANK,2014-11-21,22.146650314331055,22.66261125196703,21.35286219788244,21.67037777897579,10940024
SOUTHBANK,2014-11-24,22.106956481933594,22.622919004440295,21.948199554655798,22.42447200905843,3814196
SOUTHBANK,2014-11-25,21.352861404418945,22.186339564746092,21.233794529431748,22.186339564746092,3717564
SOUTHBANK,2014-11-26,21.789443969726562,22.424473390528266,21.035346009846617,21.352859883962797,3105796
SOUTHBANK,2014-11-27,21.710065841674805,22.06726979194218,21.59099730072922,21.829132710051017,2083758
SOUTHBANK,2014-11-28,21.908512115478516,22.265717753570556,21.829133642314545,21.829133642314545,5559770
SOUTHBANK,2014-12-01,21.590999603271484,22.186340698919352,21.511621125032345,21.948203591632385,1966171
SOUTHBANK,2014-12-02,21.789443969726562,22.06726944586289,21.31317148598295,21.590996962119277,3763907
SOUTHBANK,2014-12-03,23.178571701049805,23.257950176507638,21.710067396225668,21.710067396225668,14482820
SOUTHBANK,2014-12-04,23.41670799255371,23.654845100294676,23.09919407899183,23.37701958964325,6670291
SOUTHBANK,2014-12-05,23.61515235900879,23.773910970437754,23.13888154242998,23.416705349149606,4594209
SOUTHBANK,2014-12-08,23.178571701049805,24.012048202211282,23.09919322559197,23.654844226366293,4543468
SOUTHBANK,2014-12-09,22.781679153442383,23.29764007634566,22.54354372884921,23.178571527764337,2748685
SOUTHBANK,2014-12-10,22.464162826538086,23.019813804486414,22.34509595452732,22.702299915698468,2571925
SOUTHBANK,2014-12-11,22.186338424682617,22.622920846530263,21.98789141314204,22.543542376427908,2281033
SOUTHBANK,2014-12-12,21.908512115478516,22.503853173062474,21.829133642314545,22.265717753570556,1867102
SOUTHBANK,2014-12-15,21.432239532470703,21.98789047197249,21.352859393196756,21.749753399289265,1969359
SOUTHBANK,2014-12-16,20.519384384155273,21.59099617929815,20.400315849394083,21.27348064412473,4998922
SOUTHBANK,2014-12-17,20.320938110351562,21.233793006832997,19.844667299415516,20.479695047330242,4173688
SOUTHBANK,2014-12-18,21.313169479370117,21.39254794042576,20.717830185168182,20.876587107279473,2236536
SOUTHBANK,2014-12-19,21.392549514770508,21.789443521826595,21.31317104787315,21.511618051401193,2191057
SOUTHBANK,2014-12-22,21.23379135131836,21.630683662820942,21.194101283883494,21.194101283883494,2733402
SOUTHBANK,2014-12-23,22.265714645385742,22.424471569551997,21.233791293166668,21.313169755249795,5498177
SOUTHBANK,2014-12-24,22.22602653503418,22.543542083892756,22.106957995141045,22.305405004106483,7812775
SOUTHBANK,2014-12-26,22.265714645385742,22.622918561044422,21.987889191810194,22.06726765389332,8581454
SOUTHBANK,2014-12-29,22.22602653503418,22.543542083892756,22.146648065961873,22.22602653503418,4749584
SOUTHBANK,2014-12-30,22.345094680786133,22.543541686251203,22.067269207648902,22.305404610665388,4529360
SOUTHBANK,2014-12-31,22.50385284423828,22.741988260250587,22.305405827943318,22.38478429994742,2067763
SOUTHBANK,2015-01-01,23.01981544494629,23.17857240065375,22.384785949546902,22.464164427400632,3269070
SOUTHBANK,2015-01-02,24.52800941467285,24.924901769520833,23.019813448542337,23.019813448542337,23632420
SOUTHBANK,2015-01-05,24.686767578125,25.123350026344784,24.48832055459706,24.64707750439162,13768060
SOUTHBANK,2015-01-06,23.61515235900879,24.44862879687574,23.456395420149185,24.44862879687574,7591141
SOUTHBANK,2015-01-07,23.25794792175293,23.69453033073103,22.940434050703157,23.575463465372028,4750268
SOUTHBANK,2015-01-08,24.012048721313477,24.210495750532914,23.53577618570074,23.734223214920174,4835178
SOUTHBANK,2015-01-09,23.853290557861328,24.448629942772826,23.654843538701016,24.28987299647235,4803516
SOUTHBANK,2015-01-12,23.97235870361328,24.250184210669172,23.496087839434214,23.813601748886928,3684120
SOUTHBANK,2015-01-13,24.32956314086914,24.686767107380227,24.170804521532425,24.32956314086914,7732714
SOUTHBANK,2015-01-14,24.210494995117188,24.60738904117217,23.892979423759304,24.528010566475068,2790805
SOUTHBANK,2015-01-15,24.36924934387207,25.32179261115319,24.17080234202246,25.00427874624925,9259151
SOUTHBANK,2015-01-16,23.69453239440918,24.488320486307334,23.575465518680037,24.210494988656876,5081250
SOUTHBANK,2015-01-19,24.289871215820312,24.686765225045267,23.734220271933104,23.813598739264233,6899317
SOUTHBANK,2015-01-20,23.25794792175293,24.607386891422443,23.019812518465603,24.408939885731673,12159722
SOUTHBANK,2015-01-21,22.821367263793945,23.377018253333905,22.70230038929928,23.257949706269784,5452523
SOUTHBANK,2015-01-22,22.106956481933594,22.821364327252923,21.948199554655798,22.741985863614023,6543455
SOUTHBANK,2015-01-23,22.186338424682617,22.543542376427908,21.710065931499106,22.305405293551463,8588802
SOUTHBANK,2015-01-27,22.106956481933594,22.42447200905843,22.067268086398766,22.42447200905843,3570457
SOUTHBANK,2015-01-28,21.948200225830078,22.226025693346728,21.868821759763794,22.14664722728044,3294035
SOUTHBANK,2015-01-29,22.106956481933594,22.226025013676562,21.7100641637391,21.948199554655798,2631923
SOUTHBANK,2015-01-30,21.948200225830078,22.226025693346728,21.829131690446005,21.829131690446005,4602819
SOUTHBANK,2015-02-02,22.146650314331055,22.22602879146201,21.90851321036866,22.027581762349858,3468718
SOUTHBANK,2015-02-03,21.829133987426758,22.305406506509765,21.71006711208311,22.22602803209084,2321898
SOUTHBANK,2015-02-04,21.630687713623047,22.067271846889284,21.590999311324904,21.86882481769,2497905
SOUTHBANK,2015-02-05,21.51161766052246,21.94820005680961,21.43223919506746,21.82913152234247,1985103
SOUTHBANK,2015-02-06,20.99565887451172,21.63068838409119,20.876591991357152,21.511621500936624,4305427
SOUTHBANK,2015-02-09,20.519384384155273,20.876588315869565,20.44000591850424,20.876588315869565,4312896
SOUTHBANK,2015-02-10,20.479694366455078,20.678141367365463,20.320937434754487,20.440005969814575,3596429
SOUTHBANK,2015-02-11,20.598764419555664,20.757521362955963,20.479695875720736,20.559074347420882,2366457
SOUTHBANK,2015-02-12,21.352861404418945,21.432241551169692,20.638455136787382,20.71783361096867,2279880
SOUTHBANK,2015-02-13,21.03534698486328,21.590997962891112,20.876590040446594,21.51161949068277,2875210
SOUTHBANK,2015-02-16,20.75752067565918,21.39255010080349,20.638453808336052,21.31317163173162,2847959
SOUTHBANK,2015-02-18,21.829133987426758,21.948202535339878,20.63845519857345,20.797212147411294,3508167
SOUTHBANK,2015-02-19,21.789443969726562,21.908510836235457,21.075034407826468,21.075034407826468,1908185
SOUTHBANK,2015-02-20,21.392549514770508,21.868821988723948,21.31317104787315,21.670374985195906,1345930
SOUTHBANK,2015-02-23,21.23379135131836,21.670373730255807,21.194101283883494,21.432238343354257,1090249
SOUTHBANK,2015-02-24,20.955970764160156,21.273484687107164,20.836902206770226,21.273484687107164,1062430
SOUTHBANK,2015-02-25,21.710065841674805,22.46416214081184,21.43224036118136,21.43224036118136,7969332
SOUTHBANK,2015-02-26,21.392549514770508,21.948200455621304,21.31317104787315,21.829131918990615,2055991
SOUTHBANK,2015-02-27,21.908512115478516,22.10695913467317,21.35286113076127,21.590998222822627,3087369
SOUTHBANK,2015-03-02,22.265714645385742,22.424471569551997,21.82913059507473,22.10695604865028,4433793
SOUTHBANK,2015-03-03,21.948200225830078,22.503851160863373,21.749753224379717,22.3847826254793,4171326
SOUTHBANK,2015-03-04,21.273481369018555,22.583230278313504,21.114724432306843,22.3847832711392,6795237
SOUTHBANK,2015-03-05,21.392549514770508,21.47192798166786,21.11472404434511,21.27348097813982,1696695
SOUTHBANK,2015-03-09,20.955970764160156,21.31317476376034,20.876592283423406,21.075037648980484,1794536
SOUTHBANK,2015-03-10,20.638452529907227,21.075033246474263,20.598762461545178,21.035344850681465,2939565
SOUTHBANK,2015-03-11,20.55907440185547,20.797211490155846,20.479695929945148,20.717833018245525,2176058
SOUTHBANK,2015-03-12,20.519384384155273,20.7178313845675,20.400315849394083,20.7178313845675,2582324
SOUTHBANK,2015-03-13,20.479694366455078,20.717831436575256,20.440005969814575,20.717831436575256,2314405
SOUTHBANK,2015-03-16,20.519384384155273,20.638452918916467,20.36062745285321,20.559072780696148,9227430
SOUTHBANK,2015-03-17,20.28125,20.678142348075035,20.12249138820062,20.59876387846003,12719765
SOUTHBANK,2015-03-18,20.16218376159668,20.559076154992546,20.08280528291751,20.47969767631337,5109554
SOUTHBANK,2015-03-19,19.84466552734375,20.479693218552324,19.765285393373485,20.400314757151254,4555897
SOUTHBANK,2015-03-20,19.725597381591797,20.400315152873578,19.44777192501423,20.122489696296014,14748614
SOUTHBANK,2015-03-23,19.328706741333008,19.844669348647905,19.249328264646756,19.76528919939214,3295152
SOUTHBANK,2015-03-24,19.050878524780273,19.447772524283728,18.97150005939344,19.28901392094078,3441782
SOUTHBANK,2015-03-25,19.050878524780273,19.328703989918836,18.81274312861977,19.050878524780273,4905764
SOUTHBANK,2015-03-26,19.09056854248047,19.28901386912989,18.812743078088154,18.9715000084354,2947250
SOUTHBANK,2015-03-27,19.368396759033203,19.527153711939086,19.09057125516316,19.09057125516316,2597783
SOUTHBANK,2015-03-30,19.765289306640625,19.844669456327118,19.606532352406695,19.606532352406695,1403381
SOUTHBANK,2015-03-31,20.003421783447266,20.24155715971361,19.76528473461178,19.76528473461178,2844422
SOUTHBANK,2015-04-01,20.360631942749023,20.440010425904482,19.844670965953732,19.844670965953732,1396630
SOUTHBANK,2015-04-06,20.519384384155273,20.91627671241044,20.400315849394083,20.519384384155273,2568357
SOUTHBANK,2015-04-07,20.83690071105957,20.955969259902542,20.51938681090429,20.59876528594311,1950540
SOUTHBANK,2015-04-08,20.876588821411133,21.03534575655761,20.79721035383789,20.99565568648633,1919539
SOUTHBANK,2015-04-09,20.876588821411133,21.154414294202134,20.47969481097561,20.83689875133985,2249405
SOUTHBANK,2015-04-10,20.598764419555664,21.03534685019119,20.08280351721999,20.87658990679089,2982812
SOUTHBANK,2015-04-13,20.16218376159668,20.757523187975256,19.844669846879988,20.59876623061691,5611723
SOUTHBANK,2015-04-15,20.201873779296875,20.51938769310317,19.884358192921027,20.241562182237885,3569011
SOUTHBANK,2015-04-16,20.003421783447266,20.519382601642253,19.924043324691816,20.24155715971361,2082003
SOUTHBANK,2015-04-17,19.963733673095703,20.24155914223544,19.92404527611534,20.003423742645367,1589165
SOUTHBANK,2015-04-20,19.725597381591797,20.122489696296014,19.646218918650952,20.00342283816936,1396870
SOUTHBANK,2015-04-21,19.725597381591797,20.04311123335517,19.56684045571011,19.725597381591797,1513385
SOUTHBANK,2015-04-22,19.80497932434082,19.96373627811669,19.725600847452885,19.725600847452885,2227553
SOUTHBANK,2015-04-23,19.84466552734375,20.20186943993317,19.765285393373485,19.84466552734375,3301612
SOUTHBANK,2015-04-24,19.646223068237305,19.884358507357724,19.566844588530497,19.844670103789113,1647809
SOUTHBANK,2015-04-27,19.050878524780273,19.72559798942229,18.93180999041538,19.646219524035455,1606030
SOUTHBANK,2015-04-28,18.971500396728516,19.328704333605412,18.852431860246448,18.931810327044726,1819045
SOUTHBANK,2015-04-29,19.725597381591797,20.00342283816936,18.97149947479994,18.97149947479994,2521906
SOUTHBANK,2015-04-30,19.24932861328125,20.003426664312755,19.130260059810606,20.003426664312755,2278415
SOUTHBANK,2015-05-04,19.487462997436523,19.606531544490338,19.289015976536653,19.289015976536653,1383390
SOUTHBANK,2015-05-05,18.69367790222168,19.487464369124943,18.61429942278831,19.408085889691574,12230325
SOUTHBANK,2015-05-06,18.852434158325195,19.289016615219005,18.77305568185082,18.812745756372763,8392813
SOUTHBANK,2015-05-07,18.534915924072266,18.931808213760092,18.495225858818923,18.852429755822527,2115319
SOUTHBANK,2015-05-08,18.852434158325195,19.090571260317827,18.49523017790576,18.653987130854507,7488097
SOUTHBANK,2015-05-11,19.368396759033203,19.447775235486144,18.892124227746052,18.892124227746052,2766914
SOUTHBANK,2015-05-12,19.050878524780273,19.28901392094078,18.97150005939344,19.28901392094078,1511527
SOUTHBANK,2015-05-13,19.328706741333008,19.44777529264714,19.050881236646376,19.090571311274257,2275084
SOUTHBANK,2015-05-14,19.24932861328125,19.368397166751894,19.011191506339962,19.24932861328125,4615790
SOUTHBANK,2015-05-15,19.328706741333008,19.487463694705507,19.209638190018875,19.209638190018875,2310786
SOUTHBANK,2015-05-18,19.408082962036133,19.606529966969163,19.209635957103103,19.24932602711744,2012773
SOUTHBANK,2015-05-19,19.20963478088379,19.40808177366577,19.169946385868926,19.28901324348274,1212136
SOUTHBANK,2015-05-20,19.289012908935547,19.48745989827568,19.209634447713334,19.249324514609036,1512532
SOUTHBANK,2015-05-21,19.169946670532227,19.447772130038715,19.130256602358767,19.28901352991412,1521837
SOUTHBANK,2015-05-22,19.050878524780273,19.249325524532,18.97150005939344,19.13025699016711,1045106
SOUTHBANK,2015-05-25,18.89212417602539,19.090571202899213,18.89212417602539,19.011191054094077,1135853
SOUTHBANK,2015-05-26,18.773054122924805,18.892122664033593,18.73336405169875,18.85243259280754,1025607
SOUTHBANK,2015-05-27,19.01119041442871,19.13025896106063,18.6539864471024,18.6539864471024,3328550
SOUTHBANK,2015-05-28,19.20963478088379,19.368393378650907,18.892120930487994,18.971499393086944,2463213
SOUTHBANK,2015-05-29,19.52715301513672,19.685909962377554,19.130258974465182,19.130258974465182,6757958
SOUTHBANK,2015-06-01,19.408082962036133,19.844667041916527,19.289014424562453,19.447773032050467,2818460
SOUTHBANK,2015-06-02,18.653987884521484,19.447776026475232,18.455542521602627,19.328707470668256,4259198
SOUTHBANK,2015-06-03,18.296781539916992,19.090567834796992,18.058644480654543,18.931809237765624,5662782
SOUTHBANK,2015-06-04,18.296781539916992,18.37616000214807,17.820509093961306,18.336469934747925,4742626
SOUTHBANK,2015-06-05,18.296781539916992,18.57460532144116,18.138022942885623,18.296781539916992,2874389
SOUTHBANK,2015-06-08,18.138025283813477,18.495229246239358,18.098336883860284,18.455540846286162,2945331
SOUTHBANK,2015-06-09,18.336471557617188,18.45554009778657,18.138024548191332,18.138024548191332,2344683
SOUTHBANK,2015-06-10,18.653987884521484,18.89212499613544,18.257095486114192,18.257095486114192,2652335
SOUTHBANK,2015-06-11,18.415851593017578,18.852434047341234,18.336473117010506,18.733365497045874,2006085
SOUTHBANK,2015-06-12,18.733366012573242,18.8921246415258,18.376163696996237,18.376163696996237,1685746
SOUTHBANK,2015-06-15,18.45553970336914,18.852432041169415,18.376161235809086,18.81274364367405,1406408
SOUTHBANK,2015-06-16,18.653987884521484,18.733366364202944,18.415852445477107,18.455542521602627,1234644
SOUTHBANK,2015-06-17,19.09056854248047,19.28901386912989,18.53491761369584,18.653984475171637,3044881
SOUTHBANK,2015-06-18,18.89212417602539,19.2096380809679,18.852434101622826,19.130259604732274,1910626
SOUTHBANK,2015-06-19,18.733366012573242,19.050881597908813,18.614299131570757,18.93181304433678,2229102
SOUTHBANK,2015-06-22,19.289012908935547,19.68590688761581,18.69367361348434,18.773052074706555,6459058
SOUTHBANK,2015-06-23,19.20963478088379,19.606528766447752,19.090567923269976,19.249324848467875,3571266
SOUTHBANK,2015-06-24,18.653987884521484,19.249328990986797,18.534921001284086,19.249328990986797,3601536
SOUTHBANK,2015-06-25,19.328706741333008,19.408085218019256,18.49523022727311,18.49523022727311,6225186
SOUTHBANK,2015-06-26,18.931812286376953,19.368396407805342,18.892123885154952,19.289016260222375,3794651
SOUTHBANK,2015-06-29,18.534915924072266,18.61429438200983,18.17771202706866,18.257090485006227,4022240
SOUTHBANK,2015-06-30,18.773054122924805,18.85243259280754,18.45554024339386,18.45554024339386,2349032
SOUTHBANK,2015-07-01,18.971500396728516,19.13025733032507,18.693674926649898,18.852431860246448,2529691
SOUTHBANK,2015-07-02,18.971500396728516,19.13025733032507,18.931810327044726,19.05087886352679,1807750
SOUTHBANK,2015-07-03,19.368396759033203,19.64622226290325,18.971502704198993,18.971502704198993,3211308
SOUTHBANK,2015-07-06,20.360631942749023,20.519388909059938,18.971504306104404,19.130261272415314,8250105
SOUTHBANK,2015-07-07,20.037080764770508,20.523811976784245,19.8342759506566,20.442690392998323,5926049
SOUTHBANK,2015-07-08,19.55034828186035,19.996519527626273,19.469226703347847,19.672031504278156,3553865
SOUTHBANK,2015-07-09,19.672035217285156,19.915399998756662,19.38810878425252,19.59091362346132,3531618
SOUTHBANK,2015-07-10,19.793716430664062,19.955959601655987,19.50979002677907,19.672033197770997,4237308
SOUTHBANK,2015-07-13,20.604934692382812,20.767177868866543,19.631472214883825,19.79371710066586,4709000
SOUTHBANK,2015-07-14,20.118200302124023,20.807736258111756,20.037078726589826,20.604931464627246,4052555
SOUTHBANK,2015-07-15,20.56437110900879,20.888859140748174,20.037079980392704,20.15876320595724,10201960
SOUTHBANK,2015-07-16,19.509788513183594,19.6314700273382,19.144738842825433,19.469226868933315,12510943
SOUTHBANK,2015-07-17,19.509788513183594,19.71259160654064,19.22586213132599,19.469226868933315,4055624
SOUTHBANK,2015-07-20,19.347545623779297,19.55035044717138,19.30698568467985,19.509790508071937,3846275
SOUTHBANK,2015-07-21,18.94193458557129,19.469225672636544,18.860813011353404,19.266420882442826,2703609
SOUTHBANK,2015-07-22,19.26642417907715,19.347545767175564,18.901376177985124,18.941937826683485,2855402
SOUTHBANK,2015-07-23,18.98249626159668,19.30698429757085,18.941936325411262,19.266422652087265,3363785
SOUTHBANK,2015-07-24,18.739131927490234,19.06361826128138,18.69857199041544,18.982496677833595,2628566
SOUTHBANK,2015-07-27,18.536327362060547,18.779693824956027,18.45520577752813,18.69857224042361,2178448
SOUTHBANK,2015-07-28,18.65801239013672,18.94193881798931,18.37408596228413,18.536329146971784,3227360
SOUTHBANK,2015-07-29,18.65801239013672,18.779695633301657,18.414647613105238,18.65801239013672,2647501
SOUTHBANK,2015-07-30,18.455204010009766,18.90137353685599,18.374082433246638,18.698570449597206,4597323
SOUTHBANK,2015-07-31,18.536327362060547,18.860815409488445,18.45520577752813,18.617448946592965,3366610
SOUTHBANK,2015-08-03,19.06361961364746,19.22586450135083,18.495768489229807,18.536328429181907,3865271
SOUTHBANK,2015-08-04,18.98249626159668,19.30698429757085,18.69857158040426,19.104179488749264,3183303
SOUTHBANK,2015-08-05,19.14474105834961,19.306985944828387,19.023059530113414,19.104181118703647,4743482
SOUTHBANK,2015-08-06,18.98249626159668,19.266422652087265,18.901374679927677,19.104179488749264,2705272
SOUTHBANK,2015-08-07,18.860815048217773,19.063618151015103,18.779693465239205,18.98249656803653,1591809
SOUTHBANK,2015-08-10,18.779691696166992,18.982494779859994,18.658008478512762,18.8608132715038,3252775
SOUTHBANK,2015-08-11,18.739131927490234,18.90137509438581,18.65801034404245,18.82025351093802,2400959
SOUTHBANK,2015-08-12,18.455204010009766,18.77969202636033,18.333522499514107,18.698570449597206,3389324
SOUTHBANK,2015-08-13,18.33352279663086,18.658009108942053,18.292961152942915,18.455204309098512,3179977
SOUTHBANK,2015-08-14,18.820255279541016,18.98249846168313,18.333525733114676,18.414647324185733,2605128
SOUTHBANK,2015-08-17,18.820255279541016,19.063620052754185,18.73913368846996,18.860816929725726,2271508
SOUTHBANK,2015-08-18,18.576887130737305,18.982495012389922,18.49576555440678,18.860813502543163,1663438
SOUTHBANK,2015-08-19,18.41464614868164,18.576889320466915,18.292962915193556,18.576889320466915,1419638
SOUTHBANK,2015-08-20,18.211841583251953,18.536327931347234,18.171279935090904,18.374084757299595,1947966
SOUTHBANK,2015-08-21,17.927913665771484,18.130718470918517,17.8467920855723,18.130718470918517,5355539
SOUTHBANK,2015-08-24,15.77818489074707,17.64398625476174,15.372577013329558,17.64398625476174,7360471
SOUTHBANK,2015-08-25,16.3866024017334,16.5894055245418,15.210336768531874,16.183797569626634,6822716
SOUTHBANK,2015-08-26,16.427160263061523,16.589403424489227,16.02155235949226,16.38660032735367,5248162
SOUTHBANK,2015-08-27,16.91389274597168,17.035574271669045,16.548844750283035,16.548844750283035,4040013
SOUTHBANK,2015-08-28,16.91389274597168,17.238379093562354,16.83277115907401,17.11669756786499,2062515
SOUTHBANK,2015-08-31,16.548845291137695,17.1166981272784,16.386602112039874,16.99501488830587,2260247
SOUTHBANK,2015-09-01,15.89986801147461,16.467720745687636,15.818746436486752,16.38659917069978,3013906
SOUTHBANK,2015-09-02,15.737627983093262,16.183797588674246,15.656506392014752,16.062114347407302,2569098
SOUTHBANK,2015-09-03,16.183794021606445,16.386598809251726,15.89986766076265,15.980989233961164,2111925
SOUTHBANK,2015-09-04,15.980990409851074,16.183795212418843,15.57538251401365,16.143233568186044,2171494
SOUTHBANK,2015-09-07,16.264917373657227,16.508282119868948,15.940431045374929,16.224355727972853,2960042
SOUTHBANK,2015-09-08,16.954452514648438,17.116697396114066,16.22435653059701,16.427161350455354,3154392
SOUTHBANK,2015-09-09,17.035573959350586,17.360062010290594,16.913892435884044,17.11669725405927,2398171
SOUTHBANK,2015-09-10,16.91389274597168,17.07613591976702,16.6299663371807,16.79220951097604,1753299
SOUTHBANK,2015-09-11,16.548845291137695,17.07613647785478,16.386602112039874,16.954453238882248,1585343
SOUTHBANK,2015-09-14,16.62996482849121,16.670524763611265,16.346038445458362,16.50828160453481,693846
SOUTHBANK,2015-09-15,16.183794021606445,16.873328248442817,16.143232380358196,16.711085102045786,2559889
SOUTHBANK,2015-09-16,16.305477142333984,16.54884186053074,16.143232287571504,16.305477142333984,2177437
SOUTHBANK,2015-09-18,17.116697311401367,17.319500420957752,16.589404440519665,16.589404440519665,8595185
SOUTHBANK,2015-09-21,17.197818756103516,17.52230509617234,16.75164747456153,16.995013938911384,4269017
SOUTHBANK,2015-09-22,16.995014190673828,17.52230535574602,16.873330956696297,17.27894059708922,3907302
SOUTHBANK,2015-09-23,17.116697311401367,17.319500420957752,16.711087673692095,16.7922092593743,3544708
SOUTHBANK,2015-09-24,19.06361961364746,20.037082102674376,17.035574755689435,17.15725799414238,22068691
SOUTHBANK,2015-09-28,18.65801239013672,19.388108430529552,18.455207554627957,19.023060410333137,4444342
SOUTHBANK,2015-09-29,18.495769500732422,18.901377468927052,18.171281416878298,18.617451036541603,3842887
SOUTHBANK,2015-09-30,18.37408447265625,18.982497220558773,18.292962886889132,18.53632764419049,3206456
SOUTHBANK,2015-10-01,18.13071632385254,18.65800738735373,18.009033113314597,18.49576424616843,2261985
SOUTHBANK,2015-10-05,18.33352279663086,18.455204309098512,18.211839574865117,18.211839574865117,1883406
SOUTHBANK,2015-10-06,18.252405166625977,18.455208301038606,18.049600322914884,18.455208301038606,5275820
SOUTHBANK,2015-10-07,18.37408447265625,18.658010877490295,18.21184130112201,18.37408447265625,3803912
SOUTHBANK,2015-10-08,18.252405166625977,18.536329896663354,18.17128186170277,18.374086705413863,1970836
SOUTHBANK,2015-10-09,18.009035110473633,18.455204652861315,17.887353595739434,18.292961493683634,3276299
SOUTHBANK,2015-10-12,18.211841583251953,18.292963170275772,17.968476822180495,18.090158348067085,2948954
SOUTHBANK,2015-10-13,18.252405166625977,18.374086705413863,18.090160266078026,18.252405166625977,2701244
SOUTHBANK,2015-10-14,18.495769500732422,18.617451036541603,18.130721474708047,18.171281416878298,3513958
SOUTHBANK,2015-10-15,18.455204010009766,18.94193517988658,18.414644076277234,18.65800880656661,4906397
SOUTHBANK,2015-10-16,18.37408447265625,18.7796941107901,18.292962886889132,18.495767705956055,4854070
SOUTHBANK,2015-10-19,18.29296112060547,18.860813875444325,18.211839542671072,18.860813875444325,5647996
SOUTHBANK,2015-10-20,18.252405166625977,18.49576995350021,18.17128186170277,18.17128186170277,1796336
SOUTHBANK,2015-10-21,17.968475341796875,18.211840082818043,17.84679211663722,18.130718502477656,2511983
SOUTHBANK,2015-10-23,17.806232452392578,18.211842108508336,17.72511086302909,18.049598929781364,2383909
SOUTHBANK,2015-10-26,17.603429794311523,17.846794568770793,17.562868143919125,17.806232918378395,1784541
SOUTHBANK,2015-10-27,17.441184997558594,17.725111423965213,17.3600634056279,17.481746648173132,3254299
SOUTHBANK,2015-10-28,16.954452514648438,17.360062154365124,16.83277099017204,17.360062154365124,4423138
SOUTHBANK,2015-10-29,16.711084365844727,17.157253853429708,16.629962796219996,16.995010714180246,10614018
SOUTHBANK,2015-10-30,16.58940315246582,16.79220795557405,16.50828157308215,16.71108637619038,2990042
SOUTHBANK,2015-11-02,16.75164794921875,16.792209597525783,16.346040012639836,16.670526361902965,3477631
SOUTHBANK,2015-11-03,16.508283615112305,16.873331622143322,16.467723675052376,16.711088443306945,2063145
SOUTHBANK,2015-11-04,16.954452514648438,17.441183740448807,16.54884458423001,16.589404522622726,6800393
SOUTHBANK,2015-11-05,16.6705265045166,16.995014565853957,16.62996656516087,16.995014565853957,1818502
SOUTHBANK,2015-11-06,16.62996482849121,16.711086408029438,16.548843248952984,16.670524763611265,1579420
SOUTHBANK,2015-11-09,16.711084365844727,16.83276757493078,16.062110099548956,16.3865980873458,2020913
SOUTHBANK,2015-11-10,16.508283615112305,16.873331622143322,16.467723675052376,16.873331622143322,1181992
SOUTHBANK,2015-11-13,16.508283615112305,16.589405204530497,16.427162025694116,16.467723675052376,1062468
SOUTHBANK,2015-11-16,16.58940315246582,16.751646311233156,16.346038414314815,16.427159993698485,3710991
SOUTHBANK,2015-11-17,16.58940315246582,16.71108637619038,16.548843217423045,16.670524731849486,2712391
SOUTHBANK,2015-11-18,16.305477142333984,16.71108500599524,16.224353860303754,16.54884186053074,2098908
SOUTHBANK,2015-11-19,16.346040725708008,16.629967148348197,16.22435748477697,16.427162316562583,3369734
SOUTHBANK,2015-11-20,16.305477142333984,16.589401792247873,16.224353860303754,16.386598715066235,4396139
SOUTHBANK,2015-11-23,16.264917373657227,16.427160537798375,16.224355727972853,16.427160537798375,4512120
SOUTHBANK,2015-11-24,16.22435760498047,16.264919255357448,16.10267607244627,16.22435760498047,7821171
SOUTHBANK,2015-11-26,16.22435760498047,16.34604084681304,16.143236013524877,16.143236013524877,10072522
SOUTHBANK,2015-11-27,16.264917373657227,16.508282119868948,16.18379579158665,16.224355727972853,7432737
SOUTHBANK,2015-11-30,16.22435760498047,16.34604084681304,16.22435760498047,16.264919255357448,3061400
SOUTHBANK,2015-12-01,17.035573959350586,17.23837877752581,16.26491804330227,16.26491804330227,9805080
SOUTHBANK,2015-12-02,16.873329162597656,17.319498694010832,16.792207585004178,17.157255538823875,5622666
SOUTHBANK,2015-12-03,16.508283615112305,16.873331622143322,16.427162025694116,16.751648383366874,3710193
SOUTHBANK,2015-12-04,16.3866024017334,16.6299671746825,16.3460407515927,16.3866024017334,2506881
SOUTHBANK,2015-12-07,16.3866024017334,16.548845583699464,16.3460407515927,16.50828393355877,2212604
SOUTHBANK,2015-12-08,16.183794021606445,16.427158741201993,16.143232380358196,16.30547723605321,1432374
SOUTHBANK,2015-12-09,15.697065353393555,16.102674992774052,15.65650541503446,15.980991759100252,3355897
SOUTHBANK,2015-12-10,15.61594295501709,15.818747764157191,15.453699791424276,15.737626182360783,4578249
SOUTHBANK,2015-12-11,15.45370101928711,15.656505844540924,15.29145784280338,15.61594419577084,5882741
SOUTHBANK,2015-12-14,15.61594295501709,15.737626182360783,15.37257820962787,15.413138145876989,6333552
SOUTHBANK,2015-12-15,15.61594295501709,15.778186118609902,15.57538301876797,15.778186118609902,7411136
SOUTHBANK,2015-12-16,15.697065353393555,15.818748587067356,15.615943767377106,15.65650541503446,6674343
SOUTHBANK,2015-12-17,15.656502723693848,15.899867439908986,15.615941083009009,15.818745867837274,5252279
SOUTHBANK,2015-12-18,15.61594295501709,15.697064536813496,15.57538301876797,15.656504600564377,4824234
SOUTHBANK,2015-12-21,15.697065353393555,15.818748587067356,15.615943767377106,15.615943767377106,3432684
SOUTHBANK,2015-12-22,15.656502723693848,15.940429080593825,15.615941083009009,15.697062655080721,3217043
SOUTHBANK,2015-12-23,15.859309196472168,15.899869132175949,15.57538280935312,15.697064325762609,5598471
SOUTHBANK,2015-12-24,15.818747520446777,15.89986910099339,15.697064294977787,15.7781858755244,2971121
SOUTHBANK,2015-12-28,15.859309196472168,16.14323387429307,15.737625970764535,15.737625970764535,4924714
SOUTHBANK,2015-12-29,15.859309196472168,15.899869132175949,15.778185906468316,15.859309196472168,5658870
SOUTHBANK,2015-12-30,15.859309196472168,15.899869132175949,15.818747551470242,15.818747551470242,9200385
SOUTHBANK,2015-12-31,15.697065353393555,15.899870173083803,15.615943767377106,15.859310234724708,3064720
SOUTHBANK,2016-01-01,15.940433502197266,15.980993444834775,15.656507066540954,15.656507066540954,1949739
SOUTHBANK,2016-01-04,15.859309196472168,16.30547874500263,15.778185906468316,15.940430777177875,3370967
SOUTHBANK,2016-01-05,16.183794021606445,16.26491559480496,15.818746087564135,15.89986766076265,3159810
SOUTHBANK,2016-01-06,16.264917373657227,16.508282119868948,15.81874781761998,16.3054790193416,5146219
SOUTHBANK,2016-01-07,15.859309196472168,16.14323387429307,15.778185906468316,15.940430777177875,6319793
SOUTHBANK,2016-01-08,15.859309196472168,16.10267393858929,15.818747551470242,15.940430777177875,2030183
SOUTHBANK,2016-01-11,15.818747520446777,15.94043074591577,15.656504359353553,15.859309165369156,4415354
SOUTHBANK,2016-01-12,15.575383186340332,15.940431163000722,15.53482154035665,15.859309580331546,3836294
SOUTHBANK,2016-01-13,15.534822463989258,15.778187226466194,15.048091229737096,15.61594405148157,7392652
SOUTHBANK,2016-01-14,15.575383186340332,15.615943123025826,15.21033520967994,15.41313831170379,6461291
SOUTHBANK,2016-01-15,14.885848045349121,15.656505689986696,14.723604870466986,15.49426251510456,6350757
SOUTHBANK,2016-01-18,14.642480850219727,15.12921206011427,14.520799329719743,14.845285663450635,4129899
SOUTHBANK,2016-01-19,14.885848045349121,15.169774456042003,14.683043222097307,14.683043222097307,3356341
SOUTHBANK,2016-01-20,14.561359405517578,15.04809062004936,14.236873068695203,14.764164220680673,9733322
SOUTHBANK,2016-01-21,14.84528636932373,14.966969604907788,14.642481546449728,14.642481546449728,3779088
SOUTHBANK,2016-01-22,14.926405906677246,15.16977234442233,14.845284330528234,15.007529192124307,3842272
SOUTHBANK,2016-01-25,14.885848045349121,15.169774456042003,14.804726457908053,15.129212807672324,2355228
SOUTHBANK,2016-01-27,15.007530212402344,15.129211730249283,14.764163758112135,14.926406921440163,1820116
SOUTHBANK,2016-01-28,14.926405906677246,15.210333987145862,14.845284330528234,14.966967549400776,9933572
SOUTHBANK,2016-01-29,14.96696949005127,15.048091076718688,14.845286255401009,14.845286255401009,4052205
SOUTHBANK,2016-02-01,15.12921142578125,15.25089465047754,14.926406621053479,15.169773070446057,5837478
SOUTHBANK,2016-02-02,15.45370101928711,15.57538425629906,15.048091368779481,15.088653017549566,4394543
SOUTHBANK,2016-02-03,15.007530212402344,15.372578184539494,14.926406921440163,15.291456602875478,3846280
SOUTHBANK,2016-02-04,14.723603248596191,15.169772785023637,14.64247996079293,15.007529628013312,5461636
SOUTHBANK,2016-02-05,15.048090934753418,15.169774168255707,14.723604591144989,14.723604591144989,1925197
SOUTHBANK,2016-02-08,15.048090934753418,15.413138925962029,14.966969348851311,15.169774168255707,3287731
SOUTHBANK,2016-02-09,14.885848045349121,15.007531281159867,14.723604870466986,14.804726457908053,1062742
SOUTHBANK,2016-02-10,14.683042526245117,14.885847339885697,14.601920942648528,14.683042526245117,2782302
SOUTHBANK,2016-02-11,13.912385940551758,14.60192022172847,13.831262651662147,14.561358577283665,5636700
SOUTHBANK,2016-02-12,14.399115562438965,14.601920368099686,13.628459693945628,13.993507660415666,5561474
SOUTHBANK,2016-02-15,14.76416301727295,15.088651036944947,14.48023664104673,14.48023664104673,2342306
SOUTHBANK,2016-02-16,14.15575122833252,14.966968765007191,14.074629645594872,14.966968765007191,2972297
SOUTHBANK,2016-02-17,13.912385940551758,14.277433048713455,13.831262651662147,14.196311469121968,5623086
SOUTHBANK,2016-02-18,13.912385940551758,14.23687225891771,13.709581136923976,14.034067455289929,3111847
SOUTHBANK,2016-02-19,13.669020652770996,13.952947060091297,13.466216686577306,13.912387121501693,4701723
SOUTHBANK,2016-02-22,13.750142097473145,13.871825330583837,13.669020511832098,13.750142097473145,1945758
SOUTHBANK,2016-02-23,13.669020652770996,13.83126382572595,13.628460714181392,13.83126382572595,2087618
SOUTHBANK,2016-02-24,13.587899208068848,13.750142382716636,13.5473384144069,13.628460856379936,2094050
SOUTHBANK,2016-02-25,13.506776809692383,13.628460038020554,13.466216018466023,13.587898392145103,3900670
SOUTHBANK,2016-02-26,13.506776809692383,13.709581620473273,13.385093581364211,13.628460038020554,2889914
SOUTHBANK,2016-02-29,13.506776809692383,13.587898392145103,13.263411207685133,13.587898392145103,2950178
SOUTHBANK,2016-03-01,13.628459930419922,13.709581512232164,13.466215912146355,13.506776703052475,3547029
SOUTHBANK,2016-03-02,14.115189552307129,14.196311989521412,13.831263158679864,13.831263158679864,6594096
SOUTHBANK,2016-03-03,14.399115562438965,14.439677207290366,14.034067595968928,14.196311611427316,2520539
SOUTHBANK,2016-03-04,14.439677238464355,14.64248033526477,14.196311642075901,14.561358754684974,3781872
SOUTHBANK,2016-03-08,14.317995071411133,14.561359831141386,14.196312691546005,14.561359831141386,2875569
SOUTHBANK,2016-03-09,14.358553886413574,14.439677175940247,14.03406756549943,14.317993950948374,2293179
SOUTHBANK,2016-03-10,14.317995071411133,14.399116657987884,14.196312691546005,14.358555010050374,1804168
SOUTHBANK,2016-03-11,14.115189552307129,14.317994363369202,14.074629615673624,14.317994363369202,2363024
SOUTHBANK,2016-03-14,14.074628829956055,14.196311197010912,14.034067186288725,14.155750407992628,4231174
SOUTHBANK,2016-03-15,14.074628829956055,14.115188764325296,13.993507251919484,14.034067186288725,1745882
SOUTHBANK,2016-03-16,13.952946662902832,14.074629893804312,13.871825078734586,14.03406824707108,1266257
SOUTHBANK,2016-03-17,14.074628829956055,14.196311197010912,13.91238567388291,14.074628829956055,3844228
SOUTHBANK,2016-03-18,14.317995071411133,14.480238244564635,13.993508725104126,14.074630311680878,7517698
SOUTHBANK,2016-03-21,14.439677238464355,14.561358754684974,14.277433222655695,14.439677238464355,2943969
SOUTHBANK,2016-03-22,14.399115562438965,14.520798787695025,14.236872401629647,14.480237142843626,2066127
SOUTHBANK,2016-03-23,14.399115562438965,14.520798787695025,14.277433191831976,14.358553917587566,1718924
SOUTHBANK,2016-03-28,14.115189552307129,14.480237528499586,14.074629615673624,14.439677591866081,2799906
SOUTHBANK,2016-03-29,13.912385940551758,14.196311469121968,13.871824296106952,14.115189034881418,2922756
SOUTHBANK,2016-03-30,14.15575122833252,14.236872811070167,13.952946416839303,13.993508062857222,2746404
SOUTHBANK,2016-03-31,14.317995071411133,14.399116657987884,14.074630311680878,14.236873484834382,3864898
SOUTHBANK,2016-04-01,14.76416301727295,14.845284594866428,14.236871908266291,14.236871908266291,3438629
SOUTHBANK,2016-04-04,14.80472469329834,14.966967848842335,14.601919894219305,14.885846271070339,2379560
SOUTHBANK,2016-04-05,14.196310997009277,14.804724533010155,14.155750208562424,14.764162889914267,3708220
SOUTHBANK,2016-04-06,14.15575122833252,14.317994393807815,14.034067999576953,14.034067999576953,1936968
SOUTHBANK,2016-04-07,14.074628829956055,14.236871986029199,14.034067186288725,14.236871986029199,1056033
SOUTHBANK,2016-04-08,14.074628829956055,14.155750407992628,14.034067186288725,14.074628829956055,1466668
SOUTHBANK,2016-04-11,14.15575122833252,14.236872811070167,13.993508062857222,14.115189582314601,2268196
SOUTHBANK,2016-04-12,14.317995071411133,14.439678305925394,14.074630311680878,14.15575189825763,4148752
SOUTHBANK,2016-04-13,14.480237007141113,14.683041810901234,14.358553783025416,14.399115427496689,3600214
SOUTHBANK,2016-04-18,14.480237007141113,14.601920231256809,14.277433058030054,14.277433058030054,4083402
SOUTHBANK,2016-04-20,14.926405906677246,14.966967549400776,14.439676449783173,14.480236383208654,5220405
SOUTHBANK,2016-04-21,14.80472469329834,15.169772647921372,14.7641630497633,15.007529492377376,4285952
SOUTHBANK,2016-04-22,14.80472469329834,14.926406205307295,14.642479828456262,14.683041471991302,4398737
SOUTHBANK,2016-04-25,14.642480850219727,14.8858473098161,14.601920913152465,14.845285663450635,1830411
SOUTHBANK,2016-04-26,14.80472469329834,14.845284627535298,14.561358250684265,14.683041471991302,4350016
SOUTHBANK,2016-04-27,14.80472469329834,14.885846271070339,14.723603115526343,14.7641630497633,1297549
SOUTHBANK,2016-04-28,14.683042526245117,14.845285693438298,14.561359296201129,14.845285693438298,5031758
SOUTHBANK,2016-04-29,14.80472469329834,15.007529492377376,14.561358250684265,14.683041471991302,3664517
SOUTHBANK,2016-05-02,14.601920127868652,14.804724930192824,14.561358483684574,14.764163286008746,1707407
SOUTHBANK,2016-05-03,14.52079963684082,14.845285977434738,14.48023798961746,14.601921221989299,2954549
SOUTHBANK,2016-05-04,14.399115562438965,14.601920368099686,14.358553917587566,14.520798787695025,3058473
SOUTHBANK,2016-05-05,14.399115562438965,14.601920368099686,14.277433191831976,14.561358723248285,3783557
SOUTHBANK,2016-05-06,14.601920127868652,14.764163286008746,14.358553681360403,14.358553681360403,3901643
SOUTHBANK,2016-05-09,14.642480850219727,14.804725726383376,14.601920913152465,14.642480850219727,1888608
SOUTHBANK,2016-05-10,14.561359405517578,14.723604283226985,14.520799468063892,14.642480989723172,2955846
SOUTHBANK,2016-05-11,14.601920127868652,14.84528486507879,14.399115325544482,14.520798548798606,8806529
SOUTHBANK,2016-05-12,14.601920127868652,14.764163286008746,14.561358483684574,14.723603351122778,6364435
SOUTHBANK,2016-05-13,15.12921142578125,15.25089465047754,14.561358656262744,14.601920300927551,6550702
SOUTHBANK,2016-05-16,15.12921142578125,15.332016230509021,14.926406621053479,15.291456295142346,2596733
SOUTHBANK,2016-05-17,14.926405906677246,15.291455563294873,14.845284330528234,15.210333987145862,2510760
SOUTHBANK,2016-05-18,14.80472469329834,14.926406205307295,14.723603115526343,14.80472469329834,1858664
SOUTHBANK,2016-05-19,14.642480850219727,15.007530539614287,14.601920913152465,14.804725726383376,2740003
SOUTHBANK,2016-05-20,14.723603248596191,14.764163183199724,14.561358382287766,14.64247996079293,3828937
SOUTHBANK,2016-05-23,14.642480850219727,14.845285663450635,14.601920913152465,14.804725726383376,2469126
SOUTHBANK,2016-05-24,14.683042526245117,14.723604172692516,14.601920942648528,14.683042526245117,1914247
SOUTHBANK,2016-05-25,14.80472469329834,14.885846271070339,14.723603115526343,14.7641630497633,2156959
SOUTHBANK,2016-05-26,15.332015991210938,15.615942371538742,14.845284809320685,14.885846453352416,23778642
SOUTHBANK,2016-05-27,15.575383186340332,15.697064705695004,15.250895146365435,15.372578375018294,6359157
SOUTHBANK,2016-05-30,15.534822463989258,15.980992049846119,15.453700876496946,15.818748874861495,5232420
SOUTHBANK,2016-05-31,15.45370101928711,15.61594419577084,15.29145784280338,15.57538425629906,6957133
SOUTHBANK,2016-06-01,15.210333824157715,15.656503342845323,15.129210539579939,15.494260192285834,3761866
SOUTHBANK,2016-06-02,15.494261741638184,16.711087201809125,15.088652115382402,15.33201686555695,13661312
SOUTHBANK,2016-06-03,15.41313648223877,15.737624483698504,15.332014909198334,15.57538133761763,5905898
SOUTHBANK,2016-06-06,15.89986801147461,16.021551228605407,15.332015277261583,15.494260136535324,6412580
SOUTHBANK,2016-06-07,16.183794021606445,16.427158741201993,15.980989233961164,15.980989233961164,7030337
SOUTHBANK,2016-06-08,16.264917373657227,16.427160537798375,16.021552627445505,16.143234145902277,4389019
SOUTHBANK,2016-06-09,16.548845291137695,16.711088470235516,16.183797283518434,16.264918873067344,6412536
SOUTHBANK,2016-06-10,16.58940315246582,16.79220795557405,16.46772163803938,16.50828157308215,5582057
SOUTHBANK,2016-06-13,16.62996482849121,16.711086408029438,16.305478510338308,16.50828160453481,4522704
SOUTHBANK,2016-06-14,16.711084365844727,16.91388914455551,16.46771965697053,16.711084365844727,3534245
SOUTHBANK,2016-06-15,16.62996482849121,16.913891211524064,16.50828160453481,16.75164634314949,4622713
SOUTHBANK,2016-06-16,16.346040725708008,16.670527089126303,15.980992712213249,16.629967148348197,7101359
SOUTHBANK,2016-06-17,16.58940315246582,16.670524731849486,16.26491683493115,16.38660005865571,4917317
SOUTHBANK,2016-06-20,16.548845291137695,16.670526820811897,16.14323563409481,16.305480522490964,3536732
SOUTHBANK,2016-06-21,16.427160263061523,16.589403424489227,16.34603868234767,16.38660032735367,2317419
SOUTHBANK,2016-06-22,16.264917373657227,16.46772218348275,16.143234145902277,16.3460389557278,1858703
SOUTHBANK,2016-06-23,16.22435760498047,16.34604084681304,16.06211442206929,16.22435760498047,2511315
SOUTHBANK,2016-06-24,15.89986801147461,15.980989586462467,15.494260136535324,15.89986801147461,5289650
SOUTHBANK,2016-06-27,16.102676391601562,16.22435792654749,15.859311612411302,15.940433205474722,3408361
SOUTHBANK,2016-06-28,16.22435760498047,16.34604084681304,16.10267607244627,16.143236013524877,3627043
SOUTHBANK,2016-06-29,16.46772003173828,16.548841603209155,16.26491524841212,16.305476888796534,3612038
SOUTHBANK,2016-06-30,16.226442337036133,16.599939189323397,16.101942220362155,16.475440821516752,15818762
SOUTHBANK,2016-07-01,16.599939346313477,16.807438959776707,16.26794136386619,16.26794136386619,5697209
SOUTHBANK,2016-07-04,16.973438262939453,17.097938383078933,16.599939651388393,16.599939651388393,8997984
SOUTHBANK,2016-07-05,17.927934646606445,18.17693488054216,16.890438335520543,16.931938957465608,20801494
SOUTHBANK,2016-07-07,18.425935745239258,18.757935517074074,18.052437094967313,18.093937722272003,13511200
SOUTHBANK,2016-07-08,18.716434478759766,19.25593212866806,18.301436959163972,18.840934609072267,35208361
SOUTHBANK,2016-07-11,18.923934936523438,19.3389324741791,18.799434800792937,19.00693444405457,11700998
SOUTHBANK,2016-07-12,18.7994327545166,19.048431250007066,18.674934381205073,18.92393287669554,7764743
SOUTHBANK,2016-07-13,18.34293556213379,18.840934327062254,18.2184354336848,18.757934824385426,7432475
SOUTHBANK,2016-07-14,18.757930755615234,18.88242910819187,18.218431481937035,18.259932098707328,6636630
SOUTHBANK,2016-07-15,18.25993537902832,18.923933124567576,18.176935879444343,18.8409336249836,6419541
SOUTHBANK,2016-07-18,17.720436096191406,18.425934469450333,17.554437096201344,18.17693596946524,6264114
SOUTHBANK,2016-07-19,17.761938095092773,18.052437241988766,17.47143894819678,17.595939082257228,7925595
SOUTHBANK,2016-07-20,17.88643455505371,18.010934663540265,17.637434338080602,17.720433827449234,5695149
SOUTHBANK,2016-07-21,17.803436279296875,18.1769348813497,17.678936162323488,18.05243476437631,4738261
SOUTHBANK,2016-07-22,17.761938095092773,17.88643822915322,17.263939307718562,17.7204374674501,4722983
SOUTHBANK,2016-07-25,18.01093864440918,18.135437031545777,17.59593935697357,17.844937880114372,5204781
SOUTHBANK,2016-07-26,17.720436096191406,18.25993546946027,17.554437096201344,18.01093696947518,7607358
SOUTHBANK,2016-07-27,17.761938095092773,18.010938363213672,17.554438454614555,17.761938095092773,4920389
SOUTHBANK,2016-07-28,17.63743782043457,18.010938219638536,17.554438314678432,17.67893844774642,4834517
SOUTHBANK,2016-07-29,17.678936004638672,17.9279344874972,17.63743538306192,17.63743538306192,3162221
SOUTHBANK,2016-08-01,17.761938095092773,17.969437735570995,17.595939082257228,17.7204374674501,2923442
SOUTHBANK,2016-08-02,17.761938095092773,17.92793710792832,17.637437961032326,17.637437961032326,3040540
SOUTHBANK,2016-08-03,17.512937545776367,17.886436155794954,17.388437426147714,17.678936539369655,3704939
SOUTHBANK,2016-08-04,17.63743782043457,17.80343858081441,17.26393917009817,17.80343858081441,3768695
SOUTHBANK,2016-08-05,17.84493637084961,17.96943649632401,17.720436245375208,17.84493637084961,3977767
SOUTHBANK,2016-08-08,17.88643455505371,17.96943404442234,17.803435065685083,17.844933935935785,1619989
SOUTHBANK,2016-08-09,18.01093864440918,18.21843653925938,17.720437744110168,17.927937387827974,4458450
SOUTHBANK,2016-08-10,17.678936004638672,18.052434603360126,17.595936510352495,18.0109357306507,1832003
SOUTHBANK,2016-08-11,17.761938095092773,17.88643822915322,17.346938814136333,17.595939082257228,2942260
SOUTHBANK,2016-08-12,17.720436096191406,17.927935720612705,17.637436596196377,17.80343734505388,2483537
SOUTHBANK,2016-08-16,17.803436279296875,17.844935152376447,17.595936667297007,17.678936162323488,3050483
SOUTHBANK,2016-08-17,17.678936004638672,17.886435614787775,17.63743538306192,17.844934993211023,3453995
SOUTHBANK,2016-08-18,17.96943473815918,18.05243423073213,17.761935132293164,17.844934624866113,3425166
SOUTHBANK,2016-08-19,18.50893211364746,18.799431208936902,17.88643505166567,18.010935163608938,6143947
SOUTHBANK,2016-08-22,18.59193229675293,18.882431402846006,18.176934822953772,18.716432413326345,8664854
SOUTHBANK,2016-08-23,18.633434295654297,18.799433297441972,18.342935168092133,18.508934169879808,5217555
SOUTHBANK,2016-08-24,18.84093475341797,19.006933762528053,18.467436108486513,18.633435117596598,5463503
SOUTHBANK,2016-08-25,18.50893211364746,18.923931320880165,18.425932621974372,18.674932845860905,5868795
SOUTHBANK,2016-08-26,18.301435470581055,18.633433459253986,18.176935350395013,18.46743446491752,2178051
SOUTHBANK,2016-08-29,18.467435836791992,18.550435340125937,18.176936700689428,18.3014368301241,3577179
SOUTHBANK,2016-08-30,18.757930755615234,18.8409302402887,18.508930552727723,18.508930552727723,3953828
SOUTHBANK,2016-08-31,18.674936294555664,18.965433694623904,18.59193503868749,18.674936294555664,4547036
SOUTHBANK,2016-09-01,18.467435836791992,18.75793497289456,18.384436333458048,18.591934217359153,3466765
SOUTHBANK,2016-09-02,18.550432205200195,18.674932313595004,18.259933118190453,18.508931586112855,2249556
SOUTHBANK,2016-09-06,19.006933212280273,19.089932714432493,18.59193395265169,18.59193395265169,5537642
SOUTHBANK,2016-09-07,20.16892433166504,20.666923003084907,19.006929763508243,19.297428842764234,19528227
SOUTHBANK,2016-09-08,20.417926788330078,21.0819245069918,20.085927054565534,20.25192779588149,11709921
SOUTHBANK,2016-09-09,20.085926055908203,20.74992549042373,19.87842645123051,20.41792577316597,4969002
SOUTHBANK,2016-09-12,19.08993148803711,19.83692870828519,18.716432877913068,19.83692870828519,6584019
SOUTHBANK,2016-09-14,19.71242904663086,19.795428545379394,19.00693243283461,19.048431307775168,4654339
SOUTHBANK,2016-09-15,19.380430221557617,19.712428202332017,19.255930104333544,19.504928589914346,2801810
SOUTHBANK,2016-09-16,19.58793067932129,20.33492973273047,19.33893216076328,19.38043278829007,10810412
SOUTHBANK,2016-09-19,19.546432495117188,19.795431022521736,19.42193235698109,19.62943200425204,4473912
SOUTHBANK,2016-09-20,19.29743194580078,19.629429947554687,19.255931321147816,19.629429947554687,3157451
SOUTHBANK,2016-09-21,19.172931671142578,19.463430794844808,19.089932171351574,19.297431795262803,4956315
SOUTHBANK,2016-09-22,19.29743194580078,19.670930572207652,19.13143294492383,19.38043144623926,5471498
SOUTHBANK,2016-09-23,19.08993148803711,19.38043060134107,19.00693199121703,19.338929978497344,4619688
SOUTHBANK,2016-09-26,18.59193229675293,19.04843039236567,18.342933812473436,19.04843039236567,6649672
SOUTHBANK,2016-09-27,18.50893211364746,18.799431208936902,18.384433750571464,18.674932845860905,3790066
SOUTHBANK,2016-09-28,18.882431030273438,19.048430016517745,18.508932436790097,18.508932436790097,4890859
SOUTHBANK,2016-09-29,17.761938095092773,19.172933201930064,17.595939082257228,19.00693418909452,13441060
SOUTHBANK,2016-09-30,18.135435104370117,18.508933723825013,17.678936986021622,17.886436607689326,5730688
SOUTHBANK,2016-10-03,19.255931854248047,19.504930362456996,18.259936072544743,18.259936072544743,9219595
SOUTHBANK,2016-10-04,19.795429229736328,19.91992935659699,19.21443271841069,19.504930099639772,9702870
SOUTHBANK,2016-10-05,20.74992561340332,21.164923076351016,19.629428091276328,19.878426569044944,30156271
SOUTHBANK,2016-10-06,20.583927154541016,21.164925415754013,20.293428023934517,20.915926910463078,20264477
SOUTHBANK,2016-10-07,19.836929321289062,21.16492480918299,19.67093032251918,20.708426688132093,31395027
SOUTHBANK,2016-10-10,19.62942886352539,20.168926461015623,19.587928241164285,19.961428595812166,6016278
SOUTHBANK,2016-10-13,19.08993148803711,19.58792846895758,18.757933500756796,19.5049289721375,9803211
SOUTHBANK,2016-10-14,19.62942886352539,19.712428359380244,19.131431888396264,19.214431384251117,5090766
SOUTHBANK,2016-10-17,19.380430221557617,19.83692831955609,19.255930104333544,19.75392882436249,4837155
SOUTHBANK,2016-10-18,19.71242904663086,19.753929670438836,19.42192992657728,19.463430550385258,3914100
SOUTHBANK,2016-10-19,19.58793067932129,19.961431080459665,19.46343229447607,19.75393144056087,6410763
SOUTHBANK,2016-10-20,19.795429229736328,19.961429981839704,19.629430226500432,19.670930851743144,4724908
SOUTHBANK,2016-10-21,20.002927780151367,20.085927277296033,19.670929791572703,19.878427660000675,6819218
SOUTHBANK,2016-10-24,20.210430145263672,20.293429653692982,19.919930991327284,19.961431619975748,5659747
SOUTHBANK,2016-10-25,20.085926055908203,20.293425660585896,19.96142769219541,20.168925548005827,3956529
SOUTHBANK,2016-10-26,19.961429595947266,20.08592797153366,19.75392997148002,20.044429095960677,4081856
SOUTHBANK,2016-10-27,19.50493049621582,19.91992976161084,19.42193099291032,19.91992976161084,4348034
SOUTHBANK,2016-10-28,19.71242904663086,19.83692916918737,19.463430550385258,19.504929425325816,1678866
SOUTHBANK,2016-11-01,19.67093276977539,19.919931298908065,19.62943214048612,19.836931789197173,2346453
SOUTHBANK,2016-11-02,19.131433486938477,19.546431000888198,19.04843223528103,19.463431498098252,2792493
SOUTHBANK,2016-11-03,19.006933212280273,19.380431846399002,18.8824330846182,19.172932216584712,4289114
SOUTHBANK,2016-11-04,18.674936294555664,19.048433201624484,18.508935531686912,19.00693432255799,2976635
SOUTHBANK,2016-11-07,19.08993148803711,19.172930984857185,18.923932494396954,19.00693199121703,2447770
SOUTHBANK,2016-11-08,19.048431396484375,19.338930517890816,18.88243239821424,19.338930517890816,1872350
SOUTHBANK,2016-11-09,18.674936294555664,18.965433694623904,17.180939921942436,18.218436382751083,11090908
SOUTHBANK,2016-11-10,19.836929321289062,20.210427942955015,19.00693257857222,19.00693257857222,11798917
SOUTHBANK,2016-11-11,19.338932037353516,20.210429470046524,19.214433653302773,19.712430687240868,7257552
SOUTHBANK,2016-11-15,18.716434478759766,19.50493064042554,18.591934348447264,19.338931632587222,4716086
SOUTHBANK,2016-11-16,18.50893211364746,19.089930304226343,18.342933130301287,19.006930812553254,5042314
SOUTHBANK,2016-11-17,18.59193229675293,18.757933035139924,18.467433929046848,18.59193229675293,4521521
SOUTHBANK,2016-11-18,18.34293556213379,18.633434695936433,18.25993605945696,18.508934567487444,5427289
SOUTHBANK,2016-11-21,17.34693717956543,18.633433779985573,17.263937680968553,18.59193315625343,4632089
SOUTHBANK,2016-11-22,16.93194007873535,17.72043620810146,16.682941577177758,17.59593783175639,8789914
SOUTHBANK,2016-11-23,17.056440353393555,17.26394000221915,16.807441824123426,17.26394000221915,3894835
SOUTHBANK,2016-11-24,17.014938354492188,17.263936838126476,16.84893936540266,16.931938859947426,6646690
SOUTHBANK,2016-11-25,17.5544376373291,17.63743713988265,17.01493999629729,17.097939498850838,4978761
SOUTHBANK,2016-11-28,17.38844108581543,17.637439628610977,17.263940939983783,17.554440114345795,2482694
SOUTHBANK,2016-11-29,17.471437454223633,17.637436452864694,17.429936830129652,17.471437454223633,2074322
SOUTHBANK,2016-11-30,17.84493637084961,17.92793587154339,17.471437743293862,17.595937868768264,2091675
SOUTHBANK,2016-12-01,17.471437454223633,17.969436199014243,17.429936830129652,17.927935574920262,2007293
SOUTHBANK,2016-12-02,17.471437454223633,17.678937076958672,17.263937831488594,17.512938078317614,1839030
SOUTHBANK,2016-12-05,17.5544376373291,17.63743713988265,17.388438632222005,17.42993750906503,1198949
SOUTHBANK,2016-12-06,17.63743782043457,17.80343858081441,17.554438314678432,17.72043732619071,1167118
SOUTHBANK,2016-12-07,17.595937728881836,17.886436853434358,17.305438604329318,17.76193672894972,2840845
SOUTHBANK,2016-12-08,17.803436279296875,17.886435774323353,17.720435035403057,17.720435035403057,1566662
SOUTHBANK,2016-12-09,17.96943473815918,18.093934851452246,17.678935639720216,17.844934624866113,1502001
SOUTHBANK,2016-12-12,17.88643455505371,17.96943404442234,17.720433827449234,17.88643455505371,1438121
SOUTHBANK,2016-12-13,18.218433380126953,18.79943158224289,17.72043467133225,17.761935292426518,8695839
SOUTHBANK,2016-12-14,17.63743782043457,18.6749360145552,17.554438314678432,18.176937231150813,8964518
SOUTHBANK,2016-12-15,17.5544376373291,18.010937524674862,17.42993750906503,17.512938760486076,8786773
SOUTHBANK,2016-12-16,17.34693717956543,17.678936922820355,16.97343856144577,17.678936922820355,11068440
SOUTHBANK,2016-12-19,17.305438995361328,17.63743700299889,17.26393836997289,17.512938624568548,3378917
SOUTHBANK,2016-12-20,17.014938354492188,17.429935827216,16.97343773278614,17.429935827216,5031167
SOUTHBANK,2016-12-21,17.26393699645996,17.42993598707192,16.931939015236043,17.139436879067322,5386292
SOUTHBANK,2016-12-22,17.014938354492188,17.63743543801157,16.931938859947426,17.63743543801157,6056976
SOUTHBANK,2016-12-23,16.64143943786621,17.014938030642412,16.5584399449012,16.9319385376774,7314533
SOUTHBANK,2016-12-26,15.686943054199219,16.682940493465185,15.396443946818925,16.682940493465185,18478551
SOUTHBANK,2016-12-27,15.977442741394043,16.10194286303718,15.520944627192414,15.728444246975174,10494630
SOUTHBANK,2016-12-28,15.811444282531738,16.18494291128863,15.769943657617654,16.018943909367223,10142366
SOUTHBANK,2016-12-29,16.101943969726562,16.226444099926614,15.769944205482265,15.852945458193982,6661844
SOUTHBANK,2016-12-30,16.267940521240234,16.392440632642945,16.101941538614792,16.101941538614792,3885285
SOUTHBANK,2017-01-02,16.309444427490234,16.433942815110637,16.18494429100222,16.309444427490234,2091243
SOUTHBANK,2017-01-03,16.51694107055664,16.599940572298372,16.267942565331445,16.392442692377784,3096269
SOUTHBANK,2017-01-04,16.599939346313477,16.724439464164885,16.516939850701654,16.599939346313477,1945132
SOUTHBANK,2017-01-05,16.93194007873535,17.01493957925455,16.64144095248443,16.682941577177758,4738933
SOUTHBANK,2017-01-06,17.097938537597656,17.388437654636842,16.93193954182309,16.93193954182309,5687550
SOUTHBANK,2017-01-09,17.4299373626709,17.554437489889292,17.139438231739636,17.180938857101594,3869481
SOUTHBANK,2017-01-10,17.34693717956543,17.63743629908821,17.305438304700697,17.63743629908821,3551832
SOUTHBANK,2017-01-11,17.84493637084961,18.135435497711576,17.388438242600078,17.471437743293862,18436659
SOUTHBANK,2017-01-12,17.678936004638672,18.135434097646304,17.595936510352495,18.093935224936878,7246342
SOUTHBANK,2017-01-13,17.678936004638672,17.844934993211023,17.38843690020339,17.720434877348097,5101147
SOUTHBANK,2017-01-16,17.761938095092773,17.844937601510548,17.512939575839457,17.7204374674501,3604710
SOUTHBANK,2017-01-17,17.720436096191406,17.927935720612705,17.637436596196377,17.80343734505388,2129627
SOUTHBANK,2017-01-18,17.63743782043457,17.80343858081441,17.554438314678432,17.80343858081441,2012071
SOUTHBANK,2017-01-19,17.595937728881836,17.72043610449903,17.554437104431145,17.595937728881836,2851508
SOUTHBANK,2017-01-20,17.4299373626709,17.80343774432608,17.388438486176423,17.59593811525125,5538138
SOUTHBANK,2017-01-23,17.63743782043457,17.67893844774642,17.26393917009817,17.554438314678432,5557593
SOUTHBANK,2017-01-24,17.63743782043457,17.844937459258695,17.38843930316616,17.72043732619071,4968548
SOUTHBANK,2017-01-25,17.63743782043457,17.76193795350256,17.595938941990283,17.72043732619071,3450989
SOUTHBANK,2017-01-27,17.761938095092773,18.010938363213672,17.7204374674501,17.761938095092773,5621614
SOUTHBANK,2017-01-30,17.720436096191406,17.844936220617676,17.59593772063258,17.678937220627613,3602475
SOUTHBANK,2017-01-31,17.305438995361328,17.678937628387327,17.26393836997289,17.678937628387327,4966438
SOUTHBANK,2017-02-01,17.720436096191406,17.80343734505388,17.222439096221223,17.388438096211285,6287620
SOUTHBANK,2017-02-02,18.17693519592285,18.4259336853115,17.595936971815306,17.76193596474107,10758212
SOUTHBANK,2017-02-03,18.550432205200195,18.716431183815132,18.093934139575516,18.176933628882985,13525611
SOUTHBANK,2017-02-06,18.550432205200195,18.882430162430065,18.384433226585262,18.59193107542032,8558464
SOUTHBANK,2017-02-07,19.21442985534668,19.297429344597212,18.50893157341633,18.633431681725735,20726680
SOUTHBANK,2017-02-08,19.255931854248047,19.504930362456996,19.006933346039094,19.421930859720682,19491802
SOUTHBANK,2017-02-09,19.131433486938477,19.58792987784942,18.757934849949976,19.338931369479585,16006325
SOUTHBANK,2017-02-10,19.048431396484375,19.297431642756997,18.92393302221549,19.172931519620686,11133652
SOUTHBANK,2017-02-13,18.923934936523438,19.25593296664797,18.799434800792937,19.214434087316203,10668117
SOUTHBANK,2017-02-14,18.923934936523438,19.089933951585703,18.799434800792937,18.923934936523438,12265266
SOUTHBANK,2017-02-15,18.716434478759766,19.006933616910587,18.55043547092145,19.006933616910587,20827032
SOUTHBANK,2017-02-16,18.24651527404785,18.475742857261686,18.063134256797383,18.10897907389308,20176751
SOUTHBANK,2017-02-17,18.338205337524414,18.521588090446674,18.20066914726649,18.29236052372762,12852726
SOUTHBANK,2017-02-20,18.980043411254883,19.16342441711993,18.33820551855832,18.42989689592462,20089421
SOUTHBANK,2017-02-21,19.07172966003418,19.530184716754878,18.98004004778384,19.1175762150266,16778044
SOUTHBANK,2017-02-22,18.750812530517578,19.255112393661822,18.659121169345738,19.255112393661822,16860886
SOUTHBANK,2017-02-23,18.88835334777832,19.02588954896113,18.659125762851076,18.842506781472263,25852570
SOUTHBANK,2017-02-27,18.52158546447754,18.842502613290915,18.47573890831327,18.659121635235742,5198337
SOUTHBANK,2017-02-28,19.117578506469727,19.255114690197647,18.56743202269059,18.613276834310742,11995614
SOUTHBANK,2017-03-01,19.117578506469727,19.530187057653485,19.071731945982112,19.255114690197647,10795230
SOUTHBANK,2017-03-02,18.65912437438965,19.255115701078076,18.61327781149512,19.163424324156576,8473381
SOUTHBANK,2017-03-03,18.6132755279541,18.79665825929908,18.429894545476465,18.6132755279541,6678853
SOUTHBANK,2017-03-06,18.567434310913086,18.796661894998433,18.017287759334717,18.70497051159076,12095041
SOUTHBANK,2017-03-07,18.88835334777832,19.163425750143936,18.750817146595512,19.02588954896113,15837156
SOUTHBANK,2017-03-08,18.750812530517578,18.980040059013554,18.61327461432619,18.934193503994006,6668761
SOUTHBANK,2017-03-09,18.567434310913086,18.750817077728435,18.521589493643088,18.65912569432076,3676100
SOUTHBANK,2017-03-10,18.475740432739258,18.84250416797843,18.429895621659654,18.70496798587217,4307807
SOUTHBANK,2017-03-14,18.52158546447754,19.025885340213385,18.47573890831327,19.025885340213385,6907320
SOUTHBANK,2017-03-15,18.567434310913086,18.750817077728435,18.47574292750541,18.567434310913086,4228839
SOUTHBANK,2017-03-16,18.796659469604492,18.88835084118093,18.521587103742625,18.704968098028054,6675527
SOUTHBANK,2017-03-17,18.84250259399414,19.025885320728804,18.613275060009457,18.888349150111452,4927024
SOUTHBANK,2017-03-20,18.750812530517578,18.842502142822166,18.659121169345738,18.796657336669874,2425427
SOUTHBANK,2017-03-21,18.65912437438965,18.842505379365097,18.61327781149512,18.796660565338122,2668125
SOUTHBANK,2017-03-22,18.429895401000977,18.613276391991246,18.384048841602844,18.613276391991246,3391379
SOUTHBANK,2017-03-23,18.52158546447754,18.56743027177451,18.384047544852038,18.52158546447754,2817649
SOUTHBANK,2017-03-24,18.567434310913086,18.796661894998433,18.47574292750541,18.521589493643088,7567061
SOUTHBANK,2017-03-27,18.52158546447754,18.750812998696976,18.33820273755507,18.56743027177451,8264815
SOUTHBANK,2017-03-28,18.567434310913086,18.65912569432076,18.429898110235413,18.429898110235413,7365230
SOUTHBANK,2017-03-29,18.2923583984375,18.475739381186173,18.108975666821486,18.246511841099824,12485594
SOUTHBANK,2017-03-30,18.567434310913086,18.70497051159076,18.200670526150066,18.29236190955774,15092104
SOUTHBANK,2017-03-31,19.576034545898438,19.805262112597795,18.567432902647766,18.704969092893872,38565412
SOUTHBANK,2017-04-03,19.759414672851562,19.942797417618024,19.667725049335797,19.759414672851562,17387955
SOUTHBANK,2017-04-05,19.759414672851562,20.17202497414237,19.62187848871045,19.851106045234793,19419091
SOUTHBANK,2017-04-06,19.667726516723633,19.8969540903504,19.300960999826728,19.759416147080263,10151968
SOUTHBANK,2017-04-07,19.851106643676758,20.355408332553743,19.484342891954643,19.621879080241996,18332061
SOUTHBANK,2017-04-10,19.94279670715332,20.21786906563606,19.75941396891989,19.94279670715332,9073810
SOUTHBANK,2017-04-11,20.630477905273438,20.72216926795922,19.98864011534024,20.126178033802553,24677015
SOUTHBANK,2017-04-12,20.58463478088379,20.99724332339414,20.034488308669232,20.90555195321381,21455702
SOUTHBANK,2017-04-13,20.630477905273438,20.859705437554254,20.492941735678404,20.67632271218269,12367168
SOUTHBANK,2017-04-17,20.630477905273438,20.76801407486847,20.35540556608337,20.67632271218269,11028181
SOUTHBANK,2017-04-18,20.492942810058594,21.31816161975969,20.401251442565723,20.905551340475455,20882667
SOUTHBANK,2017-04-19,20.44709587097168,20.722169968325968,20.263714888269497,20.538787236756445,12205713
SOUTHBANK,2017-04-20,20.538785934448242,20.72216865438997,20.26371360340288,20.58463248886729,13756358
SOUTHBANK,2017-04-21,21.914152145385742,22.18922623857842,20.538786926024287,20.630478290421845,35820550
SOUTHBANK,2017-04-24,22.78521728515625,23.518744696205154,22.23507085243592,22.418453579631798,51895673
SOUTHBANK,2017-04-25,22.876909255981445,23.289517779823186,22.601835157886274,23.151981605209272,23129502
SOUTHBANK,2017-04-26,22.14337921142578,23.197825507423715,21.593232785597685,22.92275316894331,27888966
SOUTHBANK,2017-04-27,22.55599021911621,22.876909123941303,22.2809161226087,22.46429885361371,23584939
SOUTHBANK,2017-04-28,23.564594268798828,23.793821832702058,22.326765073947893,22.60183745108476,39979483
SOUTHBANK,2017-05-02,23.335365295410156,24.114737566512048,23.106137745352562,23.56459284546775,29815287
SOUTHBANK,2017-05-03,23.472904205322266,23.931359358750953,23.01444905189358,23.518749021118087,21603983
SOUTHBANK,2017-05-04,23.7938232421875,23.931359438903225,23.472904283939055,23.61044048065478,22174774
SOUTHBANK,2017-05-05,23.289520263671875,24.435658089136705,22.922756509296637,23.931358145479194,39774587
SOUTHBANK,2017-05-08,23.61043930053711,23.88551168021965,23.335366920854565,23.381211734512476,16442243
SOUTHBANK,2017-05-09,24.114736557006836,24.435655463426457,23.65628147608376,23.793819399454556,26858360
SOUTHBANK,2017-05-10,23.977201461791992,24.389811752742574,23.839665281097606,24.16058420196279,15993872
SOUTHBANK,2017-05-11,23.885509490966797,24.20642840376061,23.65628194595227,24.114737035981324,15549067
SOUTHBANK,2017-05-12,23.656282424926758,24.11473752423826,23.38121006488682,23.93135653383411,15290880
SOUTHBANK,2017-05-15,22.601837158203125,24.848267954891817,22.18922859784454,23.88551114965345,89493851
SOUTHBANK,2017-05-16,23.19782829284668,23.289519666305527,22.693528362124248,22.739373174419928,22212206
SOUTHBANK,2017-05-17,24.02305030822754,24.206431316988517,23.06029345397895,23.3353675904218,36122560
SOUTHBANK,2017-05-18,23.977201461791992,24.61903930352236,23.610437730317823,23.70212910040322,37488238
SOUTHBANK,2017-05-19,24.068891525268555,24.75657414027623,23.51874508348895,24.2522742554842,35608104
SOUTHBANK,2017-05-22,23.61043930053711,24.52734956463564,23.427056548170388,24.52734956463564,20685956
SOUTHBANK,2017-05-23,23.472904205322266,24.252278315924556,22.693530094719975,23.656285217373167,34843577
SOUTHBANK,2017-05-24,23.1519832611084,23.931357304820196,22.96860051592887,23.61043837518975,28415649
SOUTHBANK,2017-05-25,23.564594268798828,23.88551145916933,23.15198395422601,23.427056331362873,35121064
SOUTHBANK,2017-05-26,24.756574630737305,24.939957364586007,23.61043691635132,23.656281725379813,25480709
SOUTHBANK,2017-05-29,24.664884567260742,25.306722420782595,24.343965640499817,24.98580349402167,27423063
SOUTHBANK,2017-05-30,25.398414611816406,25.581795612403983,24.389812987548453,24.664885362863572,21593392
SOUTHBANK,2017-05-31,25.81102180480957,26.177785535385404,25.39841326373704,25.673485624452063,27573164
SOUTHBANK,2017-06-01,26.086095809936523,26.2236319897433,25.58179415215512,25.856868260636087,20450920
SOUTHBANK,2017-06-02,26.452857971191406,26.544549335250544,25.99440289976302,26.17778387901399,18597187
SOUTHBANK,2017-06-05,26.131940841674805,26.544551133458747,26.040249471404216,26.452859763188158,16711626
SOUTHBANK,2017-06-06,25.30672264099121,26.177786308216266,25.123339895855686,26.086096684515972,17869767
SOUTHBANK,2017-06-07,25.99440574645996,26.131941933176865,25.26087650252397,25.306723064007937,13599667
SOUTHBANK,2017-06-08,25.673486709594727,26.0860970169745,25.444259149687632,25.99440564323816,9148392
SOUTHBANK,2017-06-09,25.85686683654785,26.086094373223393,25.444256570984955,25.811020279892357,9992978
SOUTHBANK,2017-06-12,25.627639770507812,25.948556928653158,25.49010184688284,25.76517594526544,12074507
SOUTHBANK,2017-06-13,26.223630905151367,26.498703253388115,25.71932926822754,25.71932926822754,17519015
SOUTHBANK,2017-06-14,26.636241912841797,26.773779848660695,26.131941977730833,26.452860913195764,18362440
SOUTHBANK,2017-06-15,26.819622039794922,26.957158213302453,26.45285832748572,26.590394500993256,12103467
SOUTHBANK,2017-06-16,27.04884910583496,27.23223183321805,26.636238843656663,26.682085399936085,18335824
SOUTHBANK,2017-06-19,27.18638801574707,27.415615573635105,27.094696642818363,27.18638801574707,9191886
SOUTHBANK,2017-06-20,26.911314010620117,27.36976909853914,26.81962264326284,27.23223292193691,10126966
SOUTHBANK,2017-06-21,27.04884910583496,27.278076640630175,26.865466378451874,27.00300429842284,8316570
SOUTHBANK,2017-06-22,26.452857971191406,27.278076749989044,26.315321799536353,27.094694021870765,10645961
SOUTHBANK,2017-06-23,25.719329833984375,26.77377793944409,25.49010228912224,26.636240013432907,14869467
SOUTHBANK,2017-06-27,25.26087760925293,25.948560321833693,24.84826903102502,25.902715507208672,17596227
SOUTHBANK,2017-06-28,25.21503257751465,25.39841533217087,24.756577439741655,25.123341200186537,9484606
SOUTHBANK,2017-06-29,25.444259643554688,25.719332021235296,25.260876892522596,25.39841483023043,9670877
SOUTHBANK,2017-06-30,25.444259643554688,25.58179583239499,25.16918726587408,25.58179583239499,7860419
SOUTHBANK,2017-07-03,25.785686492919922,25.92506822760386,25.50692302355205,25.92506822760386,6945195
SOUTHBANK,2017-07-04,25.553382873535156,26.01798983487216,25.50692288633542,25.78568635420366,5906470
SOUTHBANK,2017-07-05,25.739227294921875,25.97153078396509,25.55338379475332,25.6463055448376,4000454
SOUTHBANK,2017-07-06,26.389677047729492,26.8078240535293,25.785688306723692,25.83214829744143,13845623
SOUTHBANK,2017-07-07,26.203834533691406,26.57551976539118,26.110912782682714,26.48259801438249,6409551
SOUTHBANK,2017-07-10,26.76136016845703,26.807821927825664,26.25029322174637,26.38967495518247,4426472
SOUTHBANK,2017-07-11,25.739227294921875,27.04012647909687,25.274620316835453,26.94720472901259,31484402
SOUTHBANK,2017-07-12,26.250295639038086,26.43613914895645,25.50692514403475,25.832148627889296,25957666
SOUTHBANK,2017-07-13,26.389677047729492,26.621980545988265,26.250295303241238,26.389677047729492,15016113
SOUTHBANK,2017-07-14,26.5290584564209,26.62198020901524,26.017991475654547,26.482598466291236,9670395
SOUTHBANK,2017-07-17,26.48259925842285,26.807824516063476,26.343217511529744,26.48259925842285,9509790
SOUTHBANK,2017-07-18,26.389677047729492,26.76136229047652,26.296755293958974,26.389677047729492,6405256
SOUTHBANK,2017-07-19,26.48259925842285,26.668442769170372,26.343217511529744,26.529059249942197,7157616
SOUTHBANK,2017-07-20,26.296754837036133,26.668441845659903,26.250294847125666,26.482598341348016,8330311
SOUTHBANK,2017-07-21,26.66844367980957,26.761363666021172,26.296756645622644,26.343218411063575,9688579
SOUTHBANK,2017-07-24,27.272430419921875,27.783497395349038,26.57551994124756,26.621979930891847,17859358
SOUTHBANK,2017-07-25,27.50473403930664,27.644115781215515,27.13304880343797,27.45827227711368,12680790
SOUTHBANK,2017-07-26,28.34102439880371,28.75917136935936,27.411810484088836,27.55119221682909,31365459
SOUTHBANK,2017-07-27,28.71271324157715,29.734849031502055,27.504735708606425,28.805634999267614,58618504
SOUTHBANK,2017-07-28,28.20164680480957,28.526872077155343,27.737039779268507,28.06226505161428,13351691
SOUTHBANK,2017-07-31,28.01580047607422,28.52686921631758,27.922878725817704,28.433947466061063,9854533
SOUTHBANK,2017-08-01,27.783496856689453,28.20164384472111,27.64411511812389,27.969340356333515,5423710
SOUTHBANK,2017-08-02,27.737037658691406,28.062262906172766,27.365352421142003,28.062262906172766,7583681
SOUTHBANK,2017-08-03,26.900745391845703,27.829959370530048,26.66844189717462,27.78349760819482,13353186
SOUTHBANK,2017-08-04,27.179508209228516,27.272429959282615,26.57551949237932,26.94720472026075,9726742
SOUTHBANK,2017-08-07,27.179508209228516,27.272429959282615,26.993664709120317,27.225968198088083,4055767
SOUTHBANK,2017-08-08,26.5290584564209,27.27243070484061,26.343216723567235,27.225968942375932,7615591
SOUTHBANK,2017-08-09,25.739227294921875,26.436137762051512,25.46046204466904,26.436137762051512,10401206
SOUTHBANK,2017-08-10,24.391864776611328,25.785685620989117,23.555572624451624,25.460460402833995,23600510
SOUTHBANK,2017-08-11,24.43832778930664,25.181700061779644,23.555575541934733,24.113104303205716,14124572
SOUTHBANK,2017-08-14,25.274620056152344,25.41400179367369,24.856473071253355,25.042316569505118,5723102
SOUTHBANK,2017-08-16,26.01799201965332,26.11091377419052,25.042318027850342,25.553385019302368,10937442
SOUTHBANK,2017-08-17,25.87860870361328,26.52905740123215,25.739226966433165,26.064450429075123,7924745
SOUTHBANK,2017-08-18,25.925071716308594,26.017993476047224,25.367542930211982,25.692768203129603,6843554
SOUTHBANK,2017-08-21,25.042316436767578,26.157372103362917,24.856472939500886,25.92506861794702,9900969
SOUTHBANK,2017-08-22,24.670631408691406,25.414003684676274,24.4847896689465,25.274621936783824,12615349
SOUTHBANK,2017-08-23,25.274620056152344,25.367540032943275,24.81001308285789,24.856473071253355,9317669
SOUTHBANK,2017-08-24,25.925071716308594,26.11091523578585,25.04231942962951,25.5069264559875,11351353
SOUTHBANK,2017-08-28,26.01799201965332,26.157373765291595,25.878610274015045,25.971532028552247,6297398
SOUTHBANK,2017-08-29,25.599843978881836,26.017990971282874,25.553383989652822,25.925069220489867,6551979
SOUTHBANK,2017-08-30,25.925071716308594,26.11091523578585,25.73922996916649,25.832149956569967,5118467
SOUTHBANK,2017-08-31,25.87860870361328,26.064450429075123,25.785686954714887,25.925068691895007,12060018
SOUTHBANK,2017-09-01,27.133047103881836,27.27242883706014,25.971529706837835,25.971529706837835,15426779
SOUTHBANK,2017-09-04,26.76136016845703,27.133047154066492,26.20383323471264,26.993663648295495,9102938
SOUTHBANK,2017-09-05,27.133047103881836,27.27242883706014,26.575518398833736,26.85428186519034,9426155
SOUTHBANK,2017-09-06,26.85428237915039,27.272429359023043,26.76136063114148,26.900744139322313,8136809
SOUTHBANK,2017-09-07,26.94720458984375,27.41181156553071,26.900744601209038,27.086586328082845,7158644
SOUTHBANK,2017-09-08,26.714902877807617,27.179509884378184,26.52905936624536,27.179509884378184,6515802
SOUTHBANK,2017-09-11,26.900745391845703,27.086587124181566,26.807823639510268,26.94720538184592,4394786
SOUTHBANK,2017-09-12,27.179508209228516,27.365351709336714,26.76136122015255,26.900744731401186,5699136
SOUTHBANK,2017-09-13,26.76136016845703,27.59765411374342,26.668440194389564,26.947203661261764,8841542
SOUTHBANK,2017-09-14,26.621980667114258,27.086587665745693,26.529058912920963,26.947205920623272,7484227
SOUTHBANK,2017-09-15,27.179508209228516,27.50473344825038,26.157372503303357,26.66844124243342,24321813
SOUTHBANK,2017-09-18,27.133047103881836,27.597654062699437,26.99366359836864,27.41181057023844,9680587
SOUTHBANK,2017-09-19,26.993667602539062,27.504736396449974,26.714904094831407,27.179511122567604,11859817
SOUTHBANK,2017-09-20,29.223779678344727,29.688386657190687,26.947204773065547,27.272430012724712,67921250
SOUTHBANK,2017-09-21,28.852094650268555,29.73484867937143,28.66625290942354,29.316701660883734,42007516
SOUTHBANK,2017-09-22,27.225969314575195,28.666252068639675,27.08658756994574,28.666252068639675,31131312
SOUTHBANK,2017-09-25,26.575519561767578,27.272430030490497,26.017990832322248,27.22596826917465,19785744
SOUTHBANK,2017-09-26,26.94720458984375,27.365351576895996,26.064450627104538,26.29675411494802,19433750
SOUTHBANK,2017-09-27,25.87860870361328,27.272429620084356,25.553383468636376,27.086586122287567,22136086
SOUTHBANK,2017-09-28,25.925071716308594,26.389678742666582,25.46046468995061,26.157375229487588,21972594
SOUTHBANK,2017-09-29,26.203834533691406,26.62197975472803,26.110912782682714,26.3896762633738,9506948
SOUTHBANK,2017-10-03,25.97153091430664,26.575519634383195,25.73922742409758,26.575519634383195,8355305
SOUTHBANK,2017-10-04,27.272430419921875,27.5511939024576,25.785687710949666,25.97153121419682,31774947
SOUTHBANK,2017-10-05,27.597654342651367,27.922877799254852,27.179507366539866,27.411810848305162,14587966
SOUTHBANK,2017-10-06,29.316699981689453,29.45608349475851,27.73703729947841,27.829959050746115,52012245
SOUTHBANK,2017-10-09,29.734846115112305,30.013609588507506,29.130857407866074,29.549002617958877,30561970
SOUTHBANK,2017-10-10,27.92287826538086,29.967149647975155,27.27242956898081,29.967149647975155,78293595
SOUTHBANK,2017-10-11,28.526870727539062,29.59546648126084,27.783498458441475,27.922880205042564,90031977
SOUTHBANK,2017-10-12,29.084396362304688,29.31669985328902,28.062262419841602,28.573329391073145,27410309
SOUTHBANK,2017-10-13,30.060070037841797,30.617600537856305,28.99147611598638,29.037936104820105,48593913
SOUTHBANK,2017-10-16,30.013612747192383,30.38529978061623,29.31670221802536,30.15299627089389,28724113
SOUTHBANK,2017-10-17,29.781307220458984,30.33883773283465,29.456083746742355,30.01361071444801,20795388
SOUTHBANK,2017-10-18,29.82776641845703,30.10653343957918,29.409621203778684,29.92068994038772,16158623
SOUTHBANK,2017-10-19,29.82776641845703,30.19945341683995,29.5490029420048,30.19945341683995,8572870
SOUTHBANK,2017-10-23,29.54900360107422,30.06007057674728,29.409621859739293,29.967150597413994,23426997
SOUTHBANK,2017-10-24,29.781307220458984,29.967150724584208,29.54900372646996,29.734847230595182,25116237
SOUTHBANK,2017-10-25,28.71271324157715,30.896366571795102,28.433949740840863,30.292376032974627,34574640
SOUTHBANK,2017-10-26,29.03793716430664,29.45608416840667,28.294566681834404,28.805633666992186,30107140
SOUTHBANK,2017-10-27,28.759172439575195,29.4560829015455,28.573328940782464,29.08439590396004,10739474
SOUTHBANK,2017-10-30,28.666250228881836,28.991475460368115,28.573328480980766,28.89855371246705,7546467
SOUTHBANK,2017-10-31,28.38748550415039,29.13085772861413,28.248103765918113,28.71271074158234,12673948
SOUTHBANK,2017-11-01,28.666250228881836,28.94501370025012,28.573328480980766,28.80563196456598,8157967
SOUTHBANK,2017-11-02,28.38748550415039,28.991475990381854,28.108722027685836,28.71271074158234,9774320
SOUTHBANK,2017-11-03,29.456083297729492,29.734846777332997,27.969340604395846,28.480407574447266,23783826
SOUTHBANK,2017-11-06,28.99147605895996,29.827766490331832,28.85209254806302,29.641924763027514,14366035
SOUTHBANK,2017-11-07,28.43394660949707,29.270238791942738,28.108721379564056,29.13085705692428,15944484
SOUTHBANK,2017-11-08,27.969343185424805,28.6662537210799,27.922881419646714,28.43395020919487,11429503
SOUTHBANK,2017-11-09,28.619792938232422,28.898558225469582,27.644118863740374,28.1087259034671,19297737
SOUTHBANK,2017-11-10,28.526870727539062,28.898555975920324,28.294567225758893,28.71271246556216,11286785
SOUTHBANK,2017-11-13,28.38748550415039,28.80563249118218,28.294565526885513,28.573329003350064,7316143
SOUTHBANK,2017-11-14,28.29456901550293,28.57333252633801,28.15518548775021,28.433950770920468,4851195
SOUTHBANK,2017-11-15,27.92287826538086,28.34102524847263,27.597654803348306,28.34102524847263,7203513
SOUTHBANK,2017-11-16,28.29456901550293,28.71271428175555,27.876421976915132,28.01580373233267,5690904
SOUTHBANK,2017-11-17,28.38748550415039,29.22377947821397,28.294565526885513,28.80563249118218,8528029
SOUTHBANK,2017-11-20,29.223779678344727,29.31669965624594,28.201643970416626,28.480407448790213,24951278
SOUTHBANK,2017-11-21,29.223779678344727,29.874230157663057,28.852092677399984,29.31669965624594,13452851
SOUTHBANK,2017-11-22,29.03793716430664,29.270240661621095,28.805633666992186,29.223780671092218,4965197
SOUTHBANK,2017-11-23,29.03793716430664,29.270240661621095,28.666251923070522,29.03793716430664,7282446
SOUTHBANK,2017-11-24,29.223779678344727,29.409621406482128,28.94501442763617,29.037936177872357,14038985
SOUTHBANK,2017-11-27,29.177318572998047,29.270240325323215,28.85209332602745,29.084396820672875,5484943
SOUTHBANK,2017-11-28,29.223779678344727,29.363161417531522,29.037936177872357,29.31669965624594,13736012
SOUTHBANK,2017-11-29,30.524677276611328,30.664060788974655,28.991476363964576,29.549003324077947,30842422
SOUTHBANK,2017-11-30,30.57114028930664,31.082207251475737,30.19945329245462,30.38529679088063,29590382
SOUTHBANK,2017-12-01,29.456083297729492,30.89636422957257,29.31669978559276,30.664060739124654,14487586
SOUTHBANK,2017-12-04,29.409622192382812,29.78130743092497,28.94501520112136,29.688387450540695,8144407
SOUTHBANK,2017-12-05,29.316699981689453,29.641925224958932,28.94501474895362,29.363161743490803,7781714
SOUTHBANK,2017-12-06,28.94501495361328,29.595465444751333,28.8056332118937,29.316700188977165,6703723
SOUTHBANK,2017-12-07,29.177318572998047,29.270240325323215,28.85209332602745,29.084396820672875,9424828
SOUTHBANK,2017-12-08,30.106534957885742,30.199454939832574,29.223780950710463,29.270240941683877,20169715
SOUTHBANK,2017-12-11,29.82776641845703,30.245913405470336,29.45608296474403,30.152993428209566,10311206
SOUTHBANK,2017-12-12,29.409622192382812,29.874230955979282,29.223780459279244,29.874230955979282,5007169
SOUTHBANK,2017-12-13,28.8985538482666,29.54900254196081,28.712710351591152,29.177317320944844,8218604
SOUTHBANK,2017-12-14,28.805633544921875,29.03793704125189,28.387486542593837,28.805633544921875,5198027
SOUTHBANK,2017-12-15,28.805633544921875,29.363162290580917,28.66625180159087,29.3167005279139,6857027
SOUTHBANK,2017-12-18,28.99147605895996,29.4560830357232,27.179508140649354,28.80563255932068,11265327
SOUTHBANK,2017-12-19,29.59546661376953,29.82776834425473,29.08439784416389,29.13085960812899,8560310
SOUTHBANK,2017-12-20,29.316699981689453,29.827766955159355,29.270239992223097,29.363161743490803,9551152
SOUTHBANK,2017-12-21,29.223779678344727,29.688386657190687,29.084396166822962,29.456083167767705,11010593
SOUTHBANK,2017-12-22,29.316699981689453,29.549003473691226,29.130858251489034,29.363161743490803,6203274
SOUTHBANK,2017-12-26,29.316699981689453,29.595465235492576,29.130858251489034,29.316699981689453,5144051
SOUTHBANK,2017-12-27,29.223779678344727,29.688386657190687,29.084396166822962,29.363161417531522,8952674
SOUTHBANK,2017-12-28,28.666250228881836,29.316698919519467,28.526868493197696,29.177317183835328,11339478
SOUTHBANK,2017-12-29,28.805633544921875,28.94501528825288,28.66625180159087,28.805633544921875,5139508
SOUTHBANK,2018-01-01,29.223779678344727,29.641924895905106,28.991476188921748,29.17731791705915,9850786
SOUTHBANK,2018-01-02,28.94501495361328,29.502543692826613,28.75917322209884,29.502543692826613,8279936
SOUTHBANK,2018-01-03,28.94501495361328,29.22378020938745,28.898554963818423,28.991476715743143,6245319
SOUTHBANK,2018-01-04,29.084396362304688,29.50254335501048,28.89855463291821,28.991476383778938,10358296
SOUTHBANK,2018-01-05,30.57114028930664,30.803443776171676,29.316699333433505,29.45608284342049,26131714
SOUTHBANK,2018-01-08,31.50035858154297,31.732662100449122,30.524680966400794,30.803448024824498,25819494
SOUTHBANK,2018-01-09,30.849905014038086,32.290185981998995,30.01361100958592,31.872038979772913,72105308
SOUTHBANK,2018-01-10,30.060070037841797,31.082207515533426,29.734846571335787,31.0357475266997,17903867
SOUTHBANK,2018-01-11,30.385297775268555,30.756981239492042,29.781307271984108,30.1994542708218,11836189
SOUTHBANK,2018-01-12,30.385297775268555,30.89636475399461,29.967150776430863,30.664061259603674,16758529
SOUTHBANK,2018-01-15,30.338838577270508,30.80344557818019,30.199455059129555,30.617602068882295,7506948
SOUTHBANK,2018-01-16,29.59546661376953,30.385298877825466,29.502544858174407,30.385298877825466,8959096
SOUTHBANK,2018-01-17,29.920690536499023,30.10653403939305,29.037936556254877,29.59546529260197,8950201
SOUTHBANK,2018-01-18,29.54900360107422,31.221588041763326,29.270240118404367,31.12866806243004,23475860
SOUTHBANK,2018-01-19,29.96714973449707,30.060069711154682,29.270239275555276,29.409621012876645,8753963
SOUTHBANK,2018-01-22,29.920690536499023,30.10653403939305,29.734847033604993,29.82776701271701,8732068
SOUTHBANK,2018-01-23,30.013612747192383,30.15299627089389,29.734849244459625,29.734849244459625,10163596
SOUTHBANK,2018-01-24,29.641923904418945,30.61759959076128,29.54900215729088,29.827765626340167,10110917
SOUTHBANK,2018-01-25,28.99147605895996,29.781306501589494,28.85209254806302,29.734846512847156,10292508
SOUTHBANK,2018-01-29,28.29456901550293,29.270243075760888,28.201647254446176,29.270243075760888,8359319
SOUTHBANK,2018-01-30,28.29456901550293,28.619792520698798,28.01580373233267,28.433950770920468,7933555
SOUTHBANK,2018-01-31,28.01580047607422,28.480407455021837,27.829958747896157,28.108722226330737,10059105
SOUTHBANK,2018-02-01,27.876420974731445,28.387487983667476,27.272432208079287,28.108724482854207,12036808
SOUTHBANK,2018-02-02,26.203834533691406,27.5976554818168,25.55338404896556,27.50473373080811,26445627
SOUTHBANK,2018-02-05,25.739227294921875,26.01799077283974,24.856473327623682,25.832147272671186,17237756
SOUTHBANK,2018-02-06,25.042316436767578,25.460461647115228,23.694955512421405,24.159562483253197,17728279
SOUTHBANK,2018-02-07,24.94939422607422,25.553382922502756,24.810012491873003,25.321079441389095,12085631
SOUTHBANK,2018-02-08,25.739227294921875,25.925069022755466,25.088776816666893,25.46046204466904,9616349
SOUTHBANK,2018-02-09,25.553382873535156,25.73922636700392,24.949394178264033,25.27461940566692,6186935
SOUTHBANK,2018-02-12,26.203834533691406,26.3896762633738,25.64630579997425,25.692765789311103,7622593
SOUTHBANK,2018-02-14,25.785686492919922,26.343215203990578,25.69276474568566,26.203833469306645,4600227
SOUTHBANK,2018-02-15,25.042316436767578,26.06445035472957,24.902932927650088,25.64630514438192,12903059
SOUTHBANK,2018-02-16,24.856473922729492,25.32108091193939,24.67063041811153,25.135237407321426,6091837
SOUTHBANK,2018-02-19,24.810014724731445,25.50692523079317,24.298945956885138,24.7170929694562,15146915
SOUTHBANK,2018-02-20,24.94939422607422,25.22815769447665,24.763550732249325,24.90293246645054,11712524
SOUTHBANK,2018-02-21,24.9958553314209,25.228158822925433,24.763551839916364,25.135237071856622,6586903
SOUTHBANK,2018-02-22,24.531248092651367,25.088776820916507,24.25248461468628,24.76355158173393,15862173
SOUTHBANK,2018-02-23,24.9958553314209,25.08877708248971,24.717091850549455,24.810013601618266,5422797
SOUTHBANK,2018-02-26,25.274620056152344,25.41400179367369,24.949394820379236,25.181698307026462,7317924
SOUTHBANK,2018-02-27,25.088777542114258,25.36754102809263,24.902934036571995,25.321081037874574,4324395
SOUTHBANK,2018-02-28,24.717090606689453,24.99585407353244,24.34540539345384,24.810012353082083,5996641
SOUTHBANK,2018-03-01,24.206022262573242,24.810012737311805,24.159562274824857,24.810012737311805,6318573
SOUTHBANK,2018-03-05,24.206022262573242,24.34540577048825,23.92725879141308,24.298944010404938,7435862
SOUTHBANK,2018-03-06,23.880800247192383,24.438327223213655,23.74141673085203,24.345407242100134,7516897
SOUTHBANK,2018-03-07,22.719282150268555,23.927259595679548,22.394056908093294,23.880799606369504,13855076
SOUTHBANK,2018-03-08,23.369731903076172,23.4626536581696,22.068832648773384,22.85866490856492,17109782
SOUTHBANK,2018-03-09,23.183889389038086,23.509112862474147,22.765742391284572,23.509112862474147,13891602
SOUTHBANK,2018-03-12,22.95158576965332,23.323271003214163,22.347595271240078,23.230349251740204,8622030
SOUTHBANK,2018-03-13,23.323270797729492,23.74141601717584,22.905123805948165,22.998045556603458,8487226
SOUTHBANK,2018-03-14,23.602035522460938,23.648497286407117,22.95158677823011,23.276810264177985,5834468
SOUTHBANK,2018-03-15,23.834339141845703,24.020182653869895,23.50911388197091,23.602035637983008,7148703
SOUTHBANK,2018-03-16,23.323270797729492,23.88079952932627,23.2303490470742,23.78787777867098,5144997
SOUTHBANK,2018-03-19,22.579898834228516,23.416192827769205,22.44051709275007,23.276809313955756,5110194
SOUTHBANK,2018-03-20,22.34759521484375,22.81220219870607,22.161753484699815,22.301135225391512,6860541
SOUTHBANK,2018-03-21,22.208213806152344,22.719282559442085,22.115292053523753,22.67282079696028,7376058
SOUTHBANK,2018-03-22,21.604225158691406,22.301135647681452,21.557765168359413,22.20821389468244,11745817
SOUTHBANK,2018-03-23,21.00023651123047,21.37192175245839,20.767933013921137,21.278999999067654,22250039
SOUTHBANK,2018-03-26,21.604225158691406,21.697146911690417,20.675011173371345,20.90731466970136,8581277
SOUTHBANK,2018-03-27,21.697145462036133,22.068830676863698,21.371920234436423,21.97590893007308,11381903
SOUTHBANK,2018-03-28,21.186079025268555,21.790069558366092,21.04669727622108,21.650686036983522,12180302
SOUTHBANK,2018-04-02,21.790067672729492,21.882987649163436,21.278998940668078,21.325460701219992,4514187
SOUTHBANK,2018-04-03,22.44051742553711,22.53343917867908,21.6971469450714,21.743606935474872,9042469
SOUTHBANK,2018-04-04,22.161752700805664,22.76574140399571,21.9759092049003,22.579897908090345,12631110
SOUTHBANK,2018-04-05,22.7657413482666,23.044504819107324,22.347594369670592,22.672819600541384,6438750
SOUTHBANK,2018-04-06,23.509113311767578,23.555575074814257,22.533439328142833,22.858664580129428,8289539
SOUTHBANK,2018-04-09,23.834339141845703,23.880800906019292,23.462653890132405,23.50911388197091,5548072
SOUTHBANK,2018-04-10,23.787878036499023,24.113103281150057,23.602034533174148,23.88079978816146,4148533
SOUTHBANK,2018-04-11,23.74141502380371,24.159561998089217,23.137426328318462,23.834336770571035,5146953
SOUTHBANK,2018-04-12,23.323270797729492,23.834337767831133,23.2303490470742,23.648496038855527,3914745
SOUTHBANK,2018-04-13,23.230350494384766,23.648497512217727,23.090968745885476,23.462653999328612,6463197
SOUTHBANK,2018-04-16,23.369731903076172,23.555575413263025,22.998046655037527,23.04450664641671,3060984
SOUTHBANK,2018-04-17,24.717090606689453,24.902932327139812,23.416191474197355,23.416191474197355,20940721
SOUTHBANK,2018-04-18,24.345407485961914,25.042317985304315,24.20602396822539,24.902934467567793,11308353
SOUTHBANK,2018-04-19,24.624170303344727,24.85647379677251,24.34540682016539,24.48478856175506,9417184
SOUTHBANK,2018-04-20,24.206022262573242,24.6706292293968,24.06664052699316,24.531247493816718,9814904
SOUTHBANK,2018-04-23,23.834339141845703,24.298946149571098,23.741417385833607,24.020182653869895,7164684
SOUTHBANK,2018-04-24,24.020183563232422,24.206025309957177,23.787880050575115,23.834340044172517,8692490
SOUTHBANK,2018-04-25,24.391864776611328,24.624168250674295,23.694954354422432,23.97371781436405,16313158
SOUTHBANK,2018-04-26,24.159563064575195,24.531248295717045,24.020181324438873,24.531248295717045,15340220
SOUTHBANK,2018-04-27,24.763551712036133,25.22815869264595,24.20602298083736,24.20602298083736,13795097
SOUTHBANK,2018-04-30,24.57771110534668,24.949396352337704,24.53124934176339,24.810014606257955,3535213
SOUTHBANK,2018-05-02,24.159563064575195,24.810013548324672,24.066641313705986,24.763551786722577,6325686
SOUTHBANK,2018-05-03,24.2989444732666,24.670629699338555,23.97371923582803,24.206022723664873,8926755
SOUTHBANK,2018-05-04,24.066638946533203,24.345404171721736,23.973717204803695,24.298942414689577,3658296
SOUTHBANK,2018-05-07,24.252485275268555,24.48478877067853,23.973720017375573,24.34540702789955,9208620
SOUTHBANK,2018-05-08,25.042316436767578,25.181698173550128,24.113102495103995,24.391865968669094,15127378
SOUTHBANK,2018-05-09,24.763551712036133,25.32108044323491,24.624169972320185,25.274620454107918,8612457
SOUTHBANK,2018-05-10,23.973718643188477,24.763550836775774,23.927258655703604,24.763550836775774,14382903
SOUTHBANK,2018-05-11,23.787878036499023,24.29894501213993,23.602034533174148,23.92725977782518,19951722
SOUTHBANK,2018-05-14,24.57771110534668,25.506925108991773,22.67282133447321,23.74141708419805,59904002
SOUTHBANK,2018-05-15,24.2989444732666,24.94939494814374,24.020180996796377,24.81001320990863,15444282
SOUTHBANK,2018-05-16,24.2989444732666,24.62416971070517,23.60203400975608,24.15956273503149,15566048
SOUTHBANK,2018-05-17,24.48478889465332,24.62417063813804,24.113103654582392,24.298945388450342,5823408
SOUTHBANK,2018-05-18,23.787878036499023,24.62417025679096,23.741416274500306,24.531248505128524,7755506
SOUTHBANK,2018-05-21,22.81220245361328,23.694956441749724,22.719282473670507,23.64849645177834,11479919
SOUTHBANK,2018-05-22,23.183889389038086,23.27680936868553,22.579898887319676,22.99804588507319,9127702
SOUTHBANK,2018-05-23,22.85866355895996,23.416192284268245,22.71928182071663,23.416192284268245,8747117
SOUTHBANK,2018-05-24,22.48697853088379,22.998045499721385,22.347595019078103,22.858663760250675,7603929
SOUTHBANK,2018-05-25,22.672819137573242,22.812200870147496,22.347593913343392,22.626359150826787,6357457
SOUTHBANK,2018-05-28,23.276809692382812,23.369731445657468,22.67282095460008,22.765742707874736,6610092
SOUTHBANK,2018-05-29,22.95158576965332,23.416192754688122,22.85866401817936,23.323271003214163,5492712
SOUTHBANK,2018-05-30,22.48697853088379,22.812201998870453,22.440516769503567,22.719282020779964,12026954
SOUTHBANK,2018-05-31,22.34759521484375,22.905123949945533,22.20821347415205,22.672820458014375,21792893
SOUTHBANK,2018-06-01,22.34759521484375,22.672820458014375,22.161753484699815,22.672820458014375,7964527
SOUTHBANK,2018-06-04,22.208213806152344,22.533439054184903,22.02237207323018,22.394057311409526,7486636
SOUTHBANK,2018-06-05,21.743608474731445,22.533440773848845,21.51130496159898,22.208215500996367,20448156
SOUTHBANK,2018-06-06,22.34759521484375,22.440516966083212,21.55776476014579,21.74360649028973,11842024
SOUTHBANK,2018-06-07,23.044506072998047,23.27680956878365,22.48697910098061,22.48697910098061,12305256
SOUTHBANK,2018-06-08,22.85866355895996,23.0909670468105,22.672820059745547,22.951585308567168,6717079
SOUTHBANK,2018-06-11,23.230350494384766,23.694957504272463,22.765743484497072,22.90512523299636,9849576
SOUTHBANK,2018-06-12,23.090967178344727,23.36973065641932,22.998045428208204,23.36973065641932,3440717
SOUTHBANK,2018-06-13,23.183889389038086,23.416192882826707,23.090967637055638,23.090967637055638,5111496
SOUTHBANK,2018-06-14,23.044506072998047,23.13742782577929,22.765742586989326,23.044506072998047,4356753
SOUTHBANK,2018-06-15,22.39405632019043,23.276808500251594,22.301134571674798,23.04450501512998,7237624
SOUTHBANK,2018-06-18,22.161752700805664,22.579897908090345,22.11529094066186,22.486977932472588,5463712
SOUTHBANK,2018-06-19,21.697145462036133,22.301134157672788,21.41838022166428,22.068830676863698,7572755
SOUTHBANK,2018-06-20,21.836528778076172,21.97591052219263,21.65068527103087,21.697147033959713,3701813
SOUTHBANK,2018-06-21,21.743608474731445,22.068833747583923,21.604226721318998,21.83653023445146,3451548
SOUTHBANK,2018-06-22,21.790067672729492,21.929449409715353,21.464842438205853,21.743605912177575,7247046
SOUTHBANK,2018-06-25,21.604225158691406,21.929450408020433,21.557765168359413,21.929450408020433,3265616
SOUTHBANK,2018-06-26,21.325462341308594,21.697147592634597,21.279000577183417,21.650685828509424,8770677
SOUTHBANK,2018-06-27,20.767932891845703,21.371921626832666,20.442707643057332,21.371921626832666,7074225
SOUTHBANK,2018-06-28,19.88517951965332,20.767933540756243,19.699337780492492,20.67501178500829,21453427
SOUTHBANK,2018-06-29,20.721471786499023,20.767933550562475,20.071023040626386,20.071023040626386,7263613
SOUTHBANK,2018-07-02,20.163942337036133,20.86085276197054,19.606413642621636,20.86085276197054,13015702
SOUTHBANK,2018-07-03,20.416730880737305,20.558513370999346,19.849599116826955,20.274948390475263,6741156
SOUTHBANK,2018-07-04,20.27495002746582,20.605775263833877,20.08590548994494,20.463992762124377,4873094
SOUTHBANK,2018-07-05,20.18042755126953,20.369470283984906,20.038645051017422,20.32221005152164,3880022
SOUTHBANK,2018-07-06,20.511253356933594,20.60577381619125,20.038643849196525,20.085904078825354,3855525
SOUTHBANK,2018-07-09,21.125646591186523,21.17290682357765,20.511254555790345,20.794819555861718,6123695
SOUTHBANK,2018-07-10,21.409210205078125,21.503732466602663,21.22016748489124,21.267427714222414,7005588
SOUTHBANK,2018-07-11,21.031124114990234,21.314689112249685,20.842079581575746,21.314689112249685,5192372
SOUTHBANK,2018-07-12,20.983863830566406,22.44895265084507,20.74755906582067,21.078384294174878,19474781
SOUTHBANK,2018-07-13,20.416730880737305,21.125645134909696,20.085903868217752,21.125645134909696,7163975
SOUTHBANK,2018-07-16,19.896862030029297,20.416733634936577,19.849601794520645,20.416733634936577,7414204
SOUTHBANK,2018-07-17,21.409210205078125,21.5982547281272,19.802338970609743,19.991381690796633,17238276
SOUTHBANK,2018-07-18,20.463993072509766,21.6455169427801,20.038645560929854,21.503734438920134,12827142
SOUTHBANK,2018-07-19,20.511253356933594,20.983862864670662,20.133164308454184,20.558513586562423,9239270
SOUTHBANK,2018-07-20,21.267427444458008,21.503732193840875,20.369468675658247,20.5112529675777,10808854
SOUTHBANK,2018-07-23,17.48655128479004,19.3769892615241,17.25024653769828,19.3769892615241,76965162
SOUTHBANK,2018-07-24,17.439292907714844,17.911902452066332,17.344770638272077,17.486553141005057,25988543
SOUTHBANK,2018-07-25,17.06120491027832,17.58107652370121,16.824900123139493,17.533814484555975,25045611
SOUTHBANK,2018-07-26,16.824899673461914,17.155726727186778,16.683117165540516,17.155726727186778,22848285
SOUTHBANK,2018-07-27,17.10846519470215,17.344769957604495,16.777638166066414,16.966682697533194,13385119
SOUTHBANK,2018-07-30,17.344770431518555,17.486552932561455,17.108465662159617,17.202987930475654,11086712
SOUTHBANK,2018-07-31,17.250247955322266,17.62833522116783,17.20298772316493,17.392030454656567,10841486
SOUTHBANK,2018-08-01,16.872159957885742,17.29750743744522,16.824897924915433,17.250247207337125,16737545
SOUTHBANK,2018-08-02,17.202987670898438,17.34477016980197,16.730378139311803,16.919420870229082,17654652
SOUTHBANK,2018-08-03,17.155725479125977,17.486552508783525,17.013942981519104,17.344770011176653,12575103
SOUTHBANK,2018-08-06,17.250247955322266,17.392030454656567,17.108465455987968,17.250247955322266,8476678
SOUTHBANK,2018-08-07,17.06120491027832,17.250249461134363,16.96668443771275,17.202989224851578,8282463
SOUTHBANK,2018-08-08,17.06120491027832,17.250249461134363,16.96668443771275,17.202989224851578,8408900
SOUTHBANK,2018-08-09,17.344770431518555,17.439292699834592,17.013943393843576,17.108465662159617,11434245
SOUTHBANK,2018-08-10,17.01394271850586,17.29750770933606,17.01394271850586,17.29750770933606,10354884
SOUTHBANK,2018-08-13,16.872159957885742,17.061202681180326,16.824897924915433,17.013942451072236,7645626
SOUTHBANK,2018-08-14,16.91942024230957,17.06120273595122,16.87216001204976,16.91942024230957,4523215
SOUTHBANK,2018-08-16,17.06120491027832,17.297509697417148,16.777639886856708,16.96668443771275,13507820
SOUTHBANK,2018-08-17,17.344770431518555,17.628335433604356,17.06120362657044,17.06120362657044,22799172
SOUTHBANK,2018-08-20,16.872159957885742,17.29750743744522,16.683115431728943,17.250247207337125,18516721
SOUTHBANK,2018-08-21,16.730379104614258,16.919421846438848,16.683117067011317,16.919421846438848,19366560
SOUTHBANK,2018-08-23,16.588592529296875,16.91941953588951,16.44681004157493,16.87215930760291,13419119
SOUTHBANK,2018-08-24,16.588592529296875,16.68311478873222,16.494072072723675,16.588592529296875,8573562
SOUTHBANK,2018-08-27,16.588592529296875,16.730376819880963,16.541332301010275,16.68311478873222,10178270
SOUTHBANK,2018-08-28,16.588592529296875,16.730376819880963,16.541332301010275,16.68311478873222,6219325
SOUTHBANK,2018-08-29,16.777637481689453,17.013942234952683,16.54133272842622,16.63585499030395,10052105
SOUTHBANK,2018-08-30,16.588592529296875,16.91941953588951,16.44681004157493,16.91941953588951,18223043
SOUTHBANK,2018-08-31,16.588592529296875,16.777637048167563,16.494072072723675,16.68311478873222,14648368
SOUTHBANK,2018-09-03,16.588592529296875,16.730376819880963,16.541332301010275,16.541332301010275,9384505
SOUTHBANK,2018-09-04,15.832417488098145,16.68311418658772,15.643372976050648,16.68311418658772,18585610
SOUTHBANK,2018-09-05,15.926941871643066,16.16324664183699,15.501592564149071,15.974202104536923,14966517
SOUTHBANK,2018-09-06,15.926941871643066,16.068724373186956,15.832419602993031,16.068724373186956,5291704
SOUTHBANK,2018-09-07,15.974202156066895,16.06872442502184,15.737897385110692,15.974202156066895,5195623
SOUTHBANK,2018-09-10,15.596114158630371,16.021463447737915,15.501591894066223,15.97420141402472,6906194
SOUTHBANK,2018-09-11,15.170764923095703,15.737896709621074,15.12350469207786,15.69063647860323,10887091
SOUTHBANK,2018-09-12,15.218027114868164,15.454331878133626,14.887200085724064,15.265287346376349,15021337
SOUTHBANK,2018-09-14,15.501591682434082,15.596113945707787,15.312548958748895,15.359809188954637,5119425
SOUTHBANK,2018-09-17,15.359809875488281,15.596114642803485,15.170765340491199,15.501592375304945,8228520
SOUTHBANK,2018-09-18,15.07624340057373,15.737896543585435,14.887199774203403,15.596114049165468,12909702
SOUTHBANK,2018-09-19,14.981721878051758,15.265286863862318,14.887199615160835,15.218026633847963,5840671
SOUTHBANK,2018-09-21,14.225547790527344,15.12350576504038,13.611154827963865,14.981723259065602,14864852
SOUTHBANK,2018-09-24,13.80019760131836,14.461850713396677,13.705675341836713,14.414589583655852,13860908
SOUTHBANK,2018-09-25,13.563894271850586,13.894720411754767,13.233067230515239,13.800199043824072,14812399
SOUTHBANK,2018-09-26,13.752937316894531,13.894719813400517,13.516632555097138,13.705676184248826,11101572
SOUTHBANK,2018-09-27,12.807718276977539,13.800198457376375,12.665934878959916,13.800198457376375,27495768
SOUTHBANK,2018-09-28,12.429630279541016,12.949500942873815,12.146065282660526,12.949500942873815,23814213
SOUTHBANK,2018-10-01,12.996761322021484,13.091283583117713,12.098803447331672,12.52415181940252,15702406
SOUTHBANK,2018-10-03,13.374849319458008,13.75293748378045,12.760457291901856,13.044023189785902,14063286
SOUTHBANK,2018-10-04,13.469371795654297,13.752937697954303,13.091284526875059,13.327589295219871,11187906
SOUTHBANK,2018-10-05,13.138545036315918,13.65841571791788,12.902240262990587,13.42211094459255,10382681
SOUTHBANK,2018-10-08,12.618675231933594,13.280328415688768,12.287848189340423,13.185806145967526,15014189
SOUTHBANK,2018-10-09,12.71319580078125,12.949500558793655,12.524152174657548,12.760456932669953,7791243
SOUTHBANK,2018-10-10,12.524152755737305,12.854979792876412,12.382370254924062,12.854979792876412,19690925
SOUTHBANK,2018-10-11,11.95702075958252,12.287847791463612,11.767977127692385,12.193325524802974,22599042
SOUTHBANK,2018-10-12,12.004281997680664,12.240586764963478,11.815238364140644,12.193325631220684,21064389
SOUTHBANK,2018-10-15,11.909759521484375,12.335107882659303,11.767976133472022,12.287846753321853,26632788
SOUTHBANK,2018-10-16,13.80019760131836,13.941980089109759,12.713195223003702,12.760456352744525,119143195
SOUTHBANK,2018-10-17,14.036502838134766,14.5091123491638,13.894719443967393,14.5091123491638,66571287
SOUTHBANK,2018-10-19,13.894721031188965,14.414591732992985,13.658416248680883,14.036504441552538,25597551
SOUTHBANK,2018-10-22,13.422110557556152,14.08376372350159,13.233066924633334,14.036503491344247,19044680
SOUTHBANK,2018-10-23,13.185806274414062,13.469372184908906,13.04402376988223,13.422111049587903,14523136
SOUTHBANK,2018-10-24,13.185806274414062,13.51663332022991,13.04402376988223,13.327589680377073,14710541
SOUTHBANK,2018-10-25,12.571413040161133,13.138543906514878,12.52415190927388,13.138543906514878,25904312
SOUTHBANK,2018-10-26,12.571413040161133,12.854978924053553,12.335108287155965,12.713195531391795,14446457
SOUTHBANK,2018-10-29,13.233067512512207,13.37485001814522,12.429630910108635,12.713196822805848,16637004
SOUTHBANK,2018-10-30,13.516632080078125,13.989241587063855,13.091283704077187,13.185805064615675,22938461
SOUTHBANK,2018-10-31,13.847458839416504,13.941981105790932,13.280327945463352,13.563893843155498,15709299
SOUTHBANK,2018-11-01,13.941981315612793,14.036503583409747,13.705676547551558,13.800198815348512,11123059
SOUTHBANK,2018-11-02,13.894721031188965,14.32006945941727,13.847459894401107,14.083764676909189,11909285
SOUTHBANK,2018-11-05,13.894721031188965,14.083764676909189,13.705677385468741,13.941982167976823,7153109
SOUTHBANK,2018-11-06,13.752937316894531,14.083763442552206,13.705676184248826,13.989242078691925,5320006
SOUTHBANK,2018-11-07,14.320067405700684,14.461850795730351,13.989241298493615,14.083762657082316,12991999
SOUTHBANK,2018-11-09,14.650895118713379,14.839938746410553,14.27280786331903,14.509112623298279,40375499
SOUTHBANK,2018-11-12,14.272808074951172,14.839938966451909,14.225546941968327,14.556373069985973,17277740
SOUTHBANK,2018-11-13,14.272808074951172,14.32006830650288,13.94198104550239,14.272808074951172,11917663
SOUTHBANK,2018-11-14,14.036502838134766,14.5091123491638,13.941980575356517,14.5091123491638,14973757
SOUTHBANK,2018-11-15,13.847458839416504,14.131024737108648,13.752937474473214,14.03650337216536,10063761
SOUTHBANK,2018-11-16,13.752937316894531,13.94198094604622,13.516632555097138,13.94198094604622,14561869
SOUTHBANK,2018-11-19,13.752937316894531,13.94198094604622,13.658415051603123,13.800198449540236,11053847
SOUTHBANK,2018-11-20,13.516632080078125,13.800197964555784,13.469370949093332,13.75293683357099,8089320
SOUTHBANK,2018-11-21,13.80019760131836,13.941980089109759,13.42210946482284,13.516631724304489,13469702
SOUTHBANK,2018-11-22,13.705676078796387,13.89471970649356,13.658414946514313,13.847458574211487,6203229
SOUTHBANK,2018-11-26,14.083763122558594,14.178285385702386,13.658414741273743,13.658414741273743,19753984
SOUTHBANK,2018-11-27,14.650895118713379,14.745417383277527,14.131024466472809,14.178285598754883,27160395
SOUTHBANK,2018-11-28,14.556374549865723,15.07624526266762,14.414592037933947,14.698157963228727,28683272
SOUTHBANK,2018-11-29,15.028982162475586,15.170764655894162,14.55637264917219,14.698156044021873,24789648
SOUTHBANK,2018-11-30,15.218027114868164,15.359809612254988,15.076243716050207,15.170765080497711,13097155
SOUTHBANK,2018-12-03,15.879678726196289,15.92694075864974,15.218026497607724,15.265286727198982,18839529
SOUTHBANK,2018-12-04,15.737896919250488,16.02146371772142,15.501592155289183,15.785158953760114,20694628
SOUTHBANK,2018-12-05,15.265288352966309,15.64337563854959,15.028983574118959,15.64337563854959,7802294
SOUTHBANK,2018-12-06,14.272808074951172,15.218027128883536,14.225546941968327,15.123504862917846,19926310
SOUTHBANK,2018-12-07,14.509113311767578,14.650895813910374,14.272808540575475,14.414591042718271,7778105
SOUTHBANK,2018-12-10,14.225547790527344,14.414591432304112,14.036504148750577,14.178286654725355,7512956
SOUTHBANK,2018-12-11,14.698156356811523,14.887199985869675,14.03650320439243,14.083763435583622,12575735
SOUTHBANK,2018-12-12,15.218027114868164,15.312549380746804,14.839938952784745,14.887200085724064,10068525
SOUTHBANK,2018-12-13,15.218027114868164,15.737896872907273,15.123504848989526,15.407069843763173,14181097
SOUTHBANK,2018-12-14,14.60363483428955,15.123505516712788,14.367330060590914,15.123505516712788,30486028
SOUTHBANK,2018-12-17,14.650895118713379,14.839938746410553,14.461851491016205,14.792677614128479,17612166
SOUTHBANK,2018-12-18,14.509113311767578,14.650895813910374,14.320068773668964,14.556373544861067,8223327
SOUTHBANK,2018-12-19,14.745417594909668,14.792677826438917,14.509112831538879,14.55637306306813,10766466
SOUTHBANK,2018-12-20,14.83993911743164,15.123505016782541,14.603634351544413,14.698156618471762,30784354
SOUTHBANK,2018-12-21,14.60363483428955,14.981723013066075,14.556373699263588,14.981723013066075,10636705
SOUTHBANK,2018-12-24,14.461851119995117,14.839938365689576,14.414589988925535,14.792677234619994,8958927
SOUTHBANK,2018-12-26,14.272808074951172,14.461851705451418,14.03650331146808,14.461851705451418,18560067
SOUTHBANK,2018-12-27,14.320067405700684,14.50911192574024,14.272807177121873,14.461850795730351,8836324
SOUTHBANK,2018-12-28,14.509113311767578,14.60363467938572,14.367329908193618,14.461852177242925,6509640
SOUTHBANK,2018-12-31,14.698156356811523,14.887199985869675,14.603634091566883,14.603634091566883,7436595
SOUTHBANK,2019-01-01,14.792677879333496,14.839939012462875,14.603634248247124,14.650895381376502,7548684
SOUTHBANK,2019-01-02,14.60363483428955,14.934461878040112,14.461852330642838,14.88720074301415,14015266
SOUTHBANK,2019-01-03,14.461851119995117,14.650894742842347,14.414589988925535,14.650894742842347,7141374
SOUTHBANK,2019-01-04,14.461851119995117,14.603633611772764,14.367328857855952,14.461851119995117,17673948
SOUTHBANK,2019-01-07,14.414589881896973,14.60363350334055,14.414589881896973,14.556372372621883,13471836
SOUTHBANK,2019-01-08,14.414589881896973,14.60363350334055,14.367328751178304,14.414589881896973,9027447
SOUTHBANK,2019-01-09,14.556374549865723,14.698157963228727,14.367330900146278,14.509114313509283,19411726
SOUTHBANK,2019-01-10,14.981721878051758,15.265286863862318,14.50911236645935,14.65089485936463,42508365
SOUTHBANK,2019-01-11,14.83993911743164,15.076243883318867,14.745417751935436,14.981722517822663,13185866
SOUTHBANK,2019-01-14,14.745417594909668,14.839938959399301,14.55637306306813,14.839938959399301,8538628
SOUTHBANK,2019-01-15,14.745417594909668,14.93446122532007,14.603634196028514,14.792677826438917,8125706
SOUTHBANK,2019-01-16,15.028982162475586,15.170764655894162,14.745417175638435,14.792677405823888,20214995
SOUTHBANK,2019-01-17,14.83993911743164,15.26528751574242,14.698156618471762,15.123505016782541,18136437
SOUTHBANK,2019-01-18,14.698156356811523,14.981722251114313,14.650895224189203,14.887199985869675,10627342
SOUTHBANK,2019-01-21,13.422110557556152,13.989242357755755,13.374849423967662,13.989242357755755,57372861
SOUTHBANK,2019-01-22,13.32758903503418,13.469371532700679,12.949500872204952,13.422110399668135,21279859
SOUTHBANK,2019-01-23,13.185806274414062,13.422111049587903,13.138545139093058,13.327589680377073,10168856
SOUTHBANK,2019-01-24,13.044022560119629,13.327588444315271,12.99676142918184,13.327588444315271,9411258
SOUTHBANK,2019-01-25,12.71319580078125,13.13854418491736,12.618674438434956,12.99676169068236,13275228
SOUTHBANK,2019-01-28,12.429630279541016,12.665935044562184,12.287847781100771,12.665935044562184,14794262
SOUTHBANK,2019-01-29,12.571413040161133,12.807717793166299,12.335108287155965,12.429629647499375,11549546
SOUTHBANK,2019-01-30,12.429630279541016,12.760457311143108,12.382370047681695,12.760457311143108,11424999
SOUTHBANK,2019-01-31,12.429630279541016,12.618674812702864,12.146065282660526,12.571413679412402,21522245
SOUTHBANK,2019-02-01,12.382369995117188,12.713196123883746,12.287847728937521,12.476891359865716,12649268
SOUTHBANK,2019-02-04,12.47689151763916,12.571413785014084,12.193325616945534,12.382370151695383,17469442
SOUTHBANK,2019-02-05,12.146065711975098,12.571414123761329,12.098804577014144,12.571414123761329,13132894
SOUTHBANK,2019-02-06,12.240585327148438,12.2878464553398,11.95701945943131,12.193324198957075,12916897
SOUTHBANK,2019-02-07,12.949501037597656,13.233066937983532,12.098804237871173,12.28784787098471,22796284
SOUTHBANK,2019-02-08,12.71319580078125,13.658414832830875,12.618674438434956,12.949500558793655,25900049
SOUTHBANK,2019-02-11,12.760457038879395,12.854979303443542,12.382369783485046,12.71319590659732,11998074
SOUTHBANK,2019-02-12,12.429630279541016,12.760457311143108,12.335108914391233,12.760457311143108,15284378
SOUTHBANK,2019-02-14,12.47689151763916,12.618674918701547,12.146065384689221,12.28784788432046,8373761
SOUTHBANK,2019-02-15,12.240585327148438,12.476890066674203,12.146063972196757,12.382368711722522,13329601
SOUTHBANK,2019-02-18,12.19332504272461,12.382369568571775,12.146064812693925,12.382369568571775,6436672
SOUTHBANK,2019-02-19,12.146065711975098,12.287848215426783,12.098804577014144,12.193325945504878,8251665
SOUTHBANK,2019-02-20,12.382369995117188,12.476891359865716,12.146065231099158,12.146065231099158,7416343
SOUTHBANK,2019-02-21,12.524152755737305,12.618675023900238,12.382370254924062,12.476891621655838,6171437
SOUTHBANK,2019-02-22,12.854979515075684,12.902239746704684,12.476891352025731,12.524152485085867,10080107
SOUTHBANK,2019-02-25,12.760457038879395,12.996761798858643,12.618674543464294,12.854979303443542,9857119
SOUTHBANK,2019-02-26,12.571413040161133,12.713195531391795,12.335108287155965,12.618674171048385,9035689
SOUTHBANK,2019-02-27,12.524152755737305,12.854979792876412,12.429630487574372,12.665935256550547,9002357
SOUTHBANK,2019-02-28,12.47689151763916,12.66593515095786,12.382370151695383,12.571413785014084,12980510
SOUTHBANK,2019-03-01,12.902239799499512,12.949500932753036,12.524152536333595,12.57141366958712,12485188
SOUTHBANK,2019-03-05,13.563894271850586,13.70567677446221,12.760457686568266,12.854979955930126,33927274
SOUTHBANK,2019-03-06,14.272808074951172,14.650895335951663,13.563893784501897,13.611154016053607,34583518
SOUTHBANK,2019-03-07,14.320067405700684,14.556372154319051,13.989241298493615,14.272807177121873,36561024
SOUTHBANK,2019-03-08,13.989242553710938,14.461852093353665,13.89472028520993,14.32006869060215,18213337
SOUTHBANK,2019-03-11,14.650895118713379,14.934461010974701,13.989241971057709,13.989241971057709,40590250
SOUTHBANK,2019-03-12,14.461851119995117,14.934460627828742,14.414589988925535,14.69815587391193,25264309
SOUTHBANK,2019-03-13,14.414589881896973,14.556372372621883,14.225546260453394,14.509112143334308,24172612
SOUTHBANK,2019-03-14,14.320067405700684,14.556372154319051,14.272807177121873,14.414589665720461,10566981
SOUTHBANK,2019-03-15,14.698156356811523,14.934461118491994,14.225546833450581,14.225546833450581,37661626
SOUTHBANK,2019-03-18,14.887200355529785,15.31254965826127,14.650895587981694,14.74541785557339,34119102
SOUTHBANK,2019-03-19,15.170764923095703,15.265287187993641,14.98172219616208,15.028982427179924,24566041
SOUTHBANK,2019-03-20,15.170764923095703,15.312549221873734,15.076243559628892,15.170764923095703,23929801
SOUTHBANK,2019-03-22,15.07624340057373,15.35980929084478,14.981722038104124,15.218026796424812,20466587
SOUTHBANK,2019-03-25,14.83993911743164,15.028982749855192,14.698156618471762,15.028982749855192,12745219
SOUTHBANK,2019-03-26,14.93446159362793,15.028982960448614,14.83993932537609,14.83993932537609,7527156
SOUTHBANK,2019-03-27,14.981721878051758,15.218026633847963,14.934460746606296,15.123504370957038,17224635
SOUTHBANK,2019-03-28,15.596114158630371,15.737896654045471,15.028982374107727,15.123504638671875,23006627
SOUTHBANK,2019-04-01,16.115983963012695,16.44681098865583,15.643374441483148,15.643374441483148,36306969
SOUTHBANK,2019-04-02,16.115983963012695,16.305028492769416,15.785158740231813,16.25776826176136,19738465
SOUTHBANK,2019-04-03,15.832417488098145,16.352287191935638,15.690635005493561,16.210504709331058,13119873
SOUTHBANK,2019-04-04,15.6433744430542,15.97420146873056,15.454331716140745,15.879679203842706,14887522
SOUTHBANK,2019-04-05,16.54133415222168,16.777638925824846,15.643375291384706,15.737897561398443,39451021
SOUTHBANK,2019-04-08,16.44681167602539,17.486553027417262,16.257768941230168,17.250248256776487,91484383
SOUTHBANK,2019-04-09,16.257768630981445,16.49407339711279,15.926941597825104,16.446811362169147,24177251
SOUTHBANK,2019-04-10,16.3522891998291,16.68311623510335,16.163246467431176,16.25776873506129,19324551
SOUTHBANK,2019-04-11,16.49407386779785,16.541334101227854,16.305029328353168,16.39955159807551,16482866
SOUTHBANK,2019-04-12,16.3522891998291,16.635856002719443,16.305028967445196,16.635856002719443,8053843
SOUTHBANK,2019-04-15,16.588592529296875,16.777637048167563,16.352287782139584,16.541332301010275,11993611
SOUTHBANK,2019-04-16,16.63585662841797,16.730378899603203,16.54133435723274,16.6831168625794,10247697
SOUTHBANK,2019-04-18,16.257768630981445,16.730378163244136,16.115984329012807,16.730378163244136,13273694
SOUTHBANK,2019-04-22,15.974202156066895,16.352289429024356,15.879679887111948,16.257768962931735,10911018
SOUTHBANK,2019-04-23,15.548853874206543,16.068723623224802,15.312549115041472,16.068723623224802,17234607
SOUTHBANK,2019-04-24,15.501591682434082,15.596113945707787,15.312548958748895,15.359809188954637,14790976
SOUTHBANK,2019-04-25,15.45433235168457,15.832419623922187,15.359810082909584,15.596114853415886,11047106
SOUTHBANK,2019-04-26,15.45433235168457,15.690637122190871,15.407070315865916,15.407070315865916,7947333
SOUTHBANK,2019-04-30,14.698156356811523,15.548854039719895,14.603634091566883,15.501592005666447,15244310
SOUTHBANK,2019-05-02,15.028982162475586,15.218026688941833,14.603633780788751,14.698156044021873,9791203
SOUTHBANK,2019-05-03,15.170764923095703,15.265287187993641,14.98172219616208,15.028982427179924,8688131
SOUTHBANK,2019-05-06,15.265288352966309,15.501593131813658,14.887201067383026,15.123505846230376,7128337
SOUTHBANK,2019-05-07,14.650895118713379,15.407069629502075,14.556372854149231,15.359809398651123,11480766
SOUTHBANK,2019-05-08,14.556374549865723,14.792679337372837,14.414592037933947,14.698157963228727,10008206
SOUTHBANK,2019-05-09,14.414589881896973,14.745416895496552,14.178285129734727,14.556372372621883,15938146
SOUTHBANK,2019-05-10,13.280327796936035,14.178285711725776,12.94950076975665,13.989242082522324,51854589
SOUTHBANK,2019-05-13,12.996761322021484,13.469370824640448,12.85497883180823,13.233066073330965,13155373
SOUTHBANK,2019-05-14,13.044022560119629,13.138543920564112,12.524151922666137,12.99676142918184,16295150
SOUTHBANK,2019-05-15,12.47689151763916,13.23306695234511,12.429630383951698,13.23306695234511,17163241
SOUTHBANK,2019-05-16,12.618675231933594,12.713196600223664,12.382370459061663,12.476891827351732,12164178
SOUTHBANK,2019-05-17,12.618675231933594,12.807718869944905,12.476891827351732,12.618675231933594,11444231
SOUTHBANK,2019-05-20,13.280327796936035,13.422110293480841,12.94950076975665,13.04402303507394,18903446
SOUTHBANK,2019-05-21,13.044022560119629,13.516632066635333,12.807717806861778,13.422109804759753,17009458
SOUTHBANK,2019-05-22,13.138545036315918,13.28032844116982,12.807718894519159,13.04402366784449,12483185
SOUTHBANK,2019-05-23,13.138545036315918,13.70567685286918,13.04402366784449,13.516633214495151,24391440
SOUTHBANK,2019-05-24,13.563894271850586,13.65841563978128,13.138544961153377,13.185806095834307,14510653
SOUTHBANK,2019-05-27,14.131024360656738,14.320067986938314,13.563893481812011,13.705675976165415,20044808
SOUTHBANK,2019-05-28,13.989242553710938,14.272808457782807,13.80019891814008,14.225547323532302,12915624
SOUTHBANK,2019-05-29,13.752937316894531,14.03650321133763,13.658415051603123,13.989242078691925,9635486
SOUTHBANK,2019-05-30,13.563894271850586,13.800199043824072,13.469372002488726,13.752937909143142,10349813
SOUTHBANK,2019-05-31,13.374849319458008,13.705676350561252,13.138544554793159,13.658415217342055,12648568
SOUTHBANK,2019-06-03,13.374849319458008,13.5166327191156,13.138544554793159,13.5166327191156,6250832
SOUTHBANK,2019-06-04,13.469371795654297,13.611154296088722,13.233067027309485,13.233067027309485,7342988
SOUTHBANK,2019-06-06,13.044022560119629,13.611153427079815,12.99676142918184,13.563893197573123,10500998
SOUTHBANK,2019-06-07,12.996761322021484,13.185804942782852,12.85497883180823,13.138543812234738,6994744
SOUTHBANK,2019-06-10,12.902239799499512,13.18580569758952,12.713196167916553,13.138544564335996,13341459
SOUTHBANK,2019-06-11,12.902239799499512,12.996762066006562,12.618674802840646,12.902239799499512,9534546
SOUTHBANK,2019-06-12,12.854979515075684,12.94950087976482,12.713196115895276,12.854979515075684,6508315
SOUTHBANK,2019-06-13,12.618675231933594,12.902240238234974,12.476891827351732,12.854980004805524,14226287
SOUTHBANK,2019-06-14,12.47689151763916,12.66593515095786,12.28784788432046,12.66593515095786,14490557
SOUTHBANK,2019-06-17,12.618675231933594,12.854980004805524,12.382370459061663,12.618675231933594,12531746
SOUTHBANK,2019-06-18,12.524152755737305,12.996762293689656,12.429630487574372,12.524152755737305,17436483
SOUTHBANK,2019-06-19,12.335108757019043,12.760457148344294,12.287847624331542,12.61867465171292,14733824
SOUTHBANK,2019-06-20,12.429630279541016,12.571413679412402,12.193325514519847,12.287847781100771,13022148
SOUTHBANK,2019-06-21,12.429630279541016,12.571413679412402,12.335108914391233,12.52415254612194,6805760
SOUTHBANK,2019-06-24,12.429630279541016,12.476891412831478,12.287847781100771,12.476891412831478,7471628
SOUTHBANK,2019-06-25,12.760457038879395,12.807718171161468,12.382369783485046,12.429630014335999,10393715
SOUTHBANK,2019-06-26,12.47689151763916,12.85497968570771,12.382370151695383,12.760457418332784,13785527
SOUTHBANK,2019-06-27,12.240585327148438,12.665933678008606,12.146063972196757,12.524151194865563,39590239
SOUTHBANK,2019-06-28,12.287847518920898,12.382369783485046,12.240586386638824,12.382369783485046,7381182
SOUTHBANK,2019-07-01,12.335108757019043,12.429630120962916,12.287847624331542,12.335108757019043,3810797
SOUTHBANK,2019-07-02,12.098804473876953,12.382370379794219,12.051543339318881,12.382370379794219,11134914
SOUTHBANK,2019-07-03,12.240585327148438,12.2878464553398,12.051541715814034,12.146063972196757,5824657
SOUTHBANK,2019-07-04,12.287847518920898,12.335108651202972,12.240586386638824,12.335108651202972,5483047
SOUTHBANK,2019-07-05,12.287847518920898,12.335108651202972,12.240586386638824,12.287847518920898,4009710
SOUTHBANK,2019-07-08,12.19332504272461,12.287847305648192,12.098803681232134,12.287847305648192,5276603
SOUTHBANK,2019-07-09,12.318095207214355,12.414329773924944,12.269977464974263,12.366212949454448,5488867
SOUTHBANK,2019-07-10,12.077507019042969,12.366212545277897,12.029389278375554,12.366212545277897,5676866
SOUTHBANK,2019-07-11,12.558682441711426,12.703034744237598,11.933153655969049,12.125624616363355,11155913
SOUTHBANK,2019-07-12,12.606800079345703,12.654916901283643,12.414329120515744,12.606800079345703,5839599
SOUTHBANK,2019-07-15,12.558682441711426,12.751152484336174,12.51056470161285,12.703034744237598,3197770
SOUTHBANK,2019-07-16,12.654916763305664,12.751152241671377,12.414328985160921,12.510564463526634,3957255
SOUTHBANK,2019-07-17,12.799269676208496,12.847387414246064,12.654916462095795,12.75115193817093,5029051
SOUTHBANK,2019-07-18,12.510563850402832,12.847387090406091,12.462446113578153,12.751151616756733,8117374
SOUTHBANK,2019-07-19,12.221858978271484,12.606799974974955,12.125624417422774,12.558682235665827,6622396
SOUTHBANK,2019-07-22,12.077507019042969,12.269977063943065,11.981271537708137,12.173741582608233,5503031
SOUTHBANK,2019-07-23,12.029389381408691,12.173741686877765,11.98127164032914,12.12562486356779,4188883
SOUTHBANK,2019-07-24,12.077507019042969,12.173741582608233,12.029389278375554,12.077507019042969,2955637
SOUTHBANK,2019-07-25,11.93315315246582,12.366211877311123,11.54821308345835,12.125624104739074,9107164
SOUTHBANK,2019-07-26,12.510563850402832,12.895503909461276,12.173740610399573,12.221858347224252,16549970
SOUTHBANK,2019-07-29,12.366212844848633,12.751152943973974,12.221859619349438,12.751152943973974,5395524
SOUTHBANK,2019-07-30,11.93315315246582,12.462446435678231,11.836918594098712,12.31809413924281,5685964
SOUTHBANK,2019-07-31,11.788801193237305,12.029388972691127,11.644448892672829,12.029388972691127,6525422
SOUTHBANK,2019-08-01,11.548213958740234,11.885037232977993,11.5000962170249,11.885037232977993,9102924
SOUTHBANK,2019-08-02,11.451977729797363,11.5482132069632,11.355743170401054,11.500095468380282,9030124
SOUTHBANK,2019-08-05,11.115155220031738,11.4519775492633,11.067037482207368,11.4519775492633,5465302
SOUTHBANK,2019-08-06,11.211390495300293,11.35574371801021,11.018920449456644,11.067038190359948,5955013
SOUTHBANK,2019-08-07,11.25950813293457,11.355743613858538,11.163273569780168,11.25950813293457,4361722
SOUTHBANK,2019-08-08,11.211390495300293,11.35574371801021,11.067038190359948,11.307625977106904,5947993
SOUTHBANK,2019-08-09,11.307625770568848,11.451978072872542,11.259508030544431,11.355743510593264,3697295
SOUTHBANK,2019-08-13,11.115155220031738,11.4519775492633,11.067037482207368,11.4519775492633,5685260
SOUTHBANK,2019-08-14,11.115155220031738,11.211389777910965,11.115155220031738,11.163272957856108,3247662
SOUTHBANK,2019-08-16,11.067037582397461,11.21138987940788,11.01891984413748,11.16327305891742,2711793
SOUTHBANK,2019-08-19,11.067037582397461,11.16327305891742,11.01891984413748,11.115155320657442,2644565
SOUTHBANK,2019-08-20,10.922685623168945,11.067037924643431,10.874567883420934,11.067037924643431,3518549
SOUTHBANK,2019-08-21,10.585862159729004,10.922685413737286,10.585862159729004,10.922685413737286,4831320
SOUTHBANK,2019-08-22,10.104686737060547,10.585862295968191,10.056568997615873,10.585862295968191,7855565
SOUTHBANK,2019-08-23,10.104686737060547,10.297156777069695,9.719746657042249,10.104686737060547,7481012
SOUTHBANK,2019-08-26,10.730215072631836,10.826450555791148,10.104687185405071,10.297157233954108,6060024
SOUTHBANK,2019-08-27,11.018919944763184,11.115155422161974,10.778332169035737,10.874567646434528,4038307
SOUTHBANK,2019-08-28,10.778331756591797,11.163272733687268,10.633979463786929,11.067037259971027,2473871
SOUTHBANK,2019-08-29,10.585862159729004,10.826449936086481,10.4896266820782,10.826449936086481,2354708
SOUTHBANK,2019-08-30,10.489625930786133,10.82644916067033,10.39339137779741,10.682096872302512,4423881
SOUTHBANK,2019-09-03,10.249038696289062,10.441509647657666,10.249038696289062,10.441509647657666,2257489
SOUTHBANK,2019-09-04,10.200922012329102,10.345274310012158,10.152804273844907,10.297156571527964,2509111
SOUTHBANK,2019-09-05,10.393392562866211,10.441510303731757,10.249039340269576,10.29715708113512,2579697
SOUTHBANK,2019-09-06,10.489625930786133,10.537743666165227,10.29715590703922,10.39339137779741,2388463
SOUTHBANK,2019-09-09,10.393392562866211,10.77833265425143,10.345274822000667,10.537744867693275,4509567
SOUTHBANK,2019-09-11,10.393392562866211,10.489627126827731,10.29715708113512,10.441510303731757,5437298
SOUTHBANK,2019-09-12,10.441510200500488,10.585862503900396,10.393392460110665,10.441510200500488,3838706
SOUTHBANK,2019-09-13,10.585862159729004,10.682097637379808,10.297156644546124,10.44150986102233,3370326
SOUTHBANK,2019-09-16,10.730215072631836,10.778332814211492,10.441510458693074,10.63398050724211,3459897
SOUTHBANK,2019-09-17,10.585862159729004,10.922685413737286,10.585862159729004,10.77833219726108,3312078
SOUTHBANK,2019-09-18,10.585862159729004,10.682097637379808,10.537744420903602,10.682097637379808,2419604
SOUTHBANK,2019-09-19,10.441510200500488,10.682097984680043,10.393392460110665,10.682097984680043,2362329
SOUTHBANK,2019-09-20,10.922685623168945,11.163273404139455,10.249039102235878,10.441510061227927,13624261
SOUTHBANK,2019-09-23,11.69256591796875,11.788801398533995,11.163273528168586,11.259508090964271,8562423
SOUTHBANK,2019-09-24,11.50009536743164,12.02938865165852,11.451977629271102,11.74068314046481,3588462
SOUTHBANK,2019-09-25,11.163272857666016,11.45197744648209,11.115155120273503,11.403860626859082,2371607
SOUTHBANK,2019-09-26,11.115155220031738,11.355742991384073,11.067037482207368,11.211389777910965,2576253
SOUTHBANK,2019-09-27,10.778331756591797,11.259507289634016,10.730214019733676,11.018919523112906,3162294
SOUTHBANK,2019-09-30,10.441510200500488,10.874568028469774,10.345274719720841,10.82645028807995,3259495
SOUTHBANK,2019-10-01,10.297157287597656,10.58586282081003,10.200922721706592,10.489627337149376,3056514
SOUTHBANK,2019-10-03,10.249038696289062,10.393391909815515,10.056568662689973,10.200921876216425,2802715
SOUTHBANK,2019-10-04,10.200922012329102,10.489626607695214,10.152804273844907,10.297156571527964,3466944
SOUTHBANK,2019-10-07,9.960334777832031,10.152804824437037,9.623511507946088,9.623511507946088,3482609
SOUTHBANK,2019-10-09,10.008450508117676,10.104685979794942,9.912215954209886,10.05656824395631,3054892
SOUTHBANK,2019-10-10,9.815980911254883,10.104686421126692,9.575393139323294,10.056568683186471,3687816
SOUTHBANK,2019-10-11,9.719746589660645,9.960334367446606,9.671628850549546,9.864098889224406,4418192
SOUTHBANK,2019-10-14,9.67162799835205,9.81598028519648,9.575392528609461,9.81598028519648,5136985
SOUTHBANK,2019-10-15,9.575393676757812,9.767863721551873,9.527275936116904,9.767863721551873,4591098
SOUTHBANK,2019-10-16,9.62351131439209,9.671629054517963,9.575393574266219,9.62351131439209,3647492
SOUTHBANK,2019-10-17,9.575393676757812,9.671629158039627,9.527275936116904,9.671629158039627,6116069
SOUTHBANK,2019-10-18,9.912217140197754,10.200922672003433,9.815981657005999,9.815981657005999,19394452
SOUTHBANK,2019-10-22,10.008450508117676,10.152803715633574,9.864098218371254,9.912215954209886,6827922
SOUTHBANK,2019-10-23,9.960334777832031,10.056569342249746,9.86409929564474,10.056569342249746,4010582
SOUTHBANK,2019-10-24,9.864099502563477,10.056569553205918,9.815981760460467,10.056569553205918,3402669
SOUTHBANK,2019-10-25,9.864099502563477,10.008451811102908,9.767864018357457,9.864099502563477,3424519
SOUTHBANK,2019-10-27,10.008450508117676,10.008450508117676,9.81598048253262,9.912215954209886,1540182
SOUTHBANK,2019-10-29,9.960334777832031,10.056569342249746,9.912217036738385,10.0084516011561,5134606
SOUTHBANK,2019-10-30,10.104686737060547,10.15280447650522,9.912216697051397,9.96033443649607,4160890
SOUTHBANK,2019-10-31,10.730215072631836,10.970802862760529,10.152804926984727,10.152804926984727,15381756
SOUTHBANK,2019-11-01,11.211390495300293,11.35574371801021,10.730214921806382,10.826450403612993,10162151
SOUTHBANK,2019-11-04,10.826449394226074,11.403860395692593,10.77833165780895,11.403860395692593,9591275
SOUTHBANK,2019-11-05,10.537744522094727,10.874567779337431,10.489626782807264,10.826450040049968,5676814
SOUTHBANK,2019-11-06,10.585862159729004,10.730214458435677,10.393392122196929,10.537744420903602,3925694
SOUTHBANK,2019-11-07,10.682097434997559,10.778331993055577,10.537744221256258,10.585861959170025,4229156
SOUTHBANK,2019-11-08,10.585862159729004,10.730214458435677,10.537744420903602,10.633979898554406,2793734
SOUTHBANK,2019-11-11,10.585862159729004,10.633979898554406,10.4896266820782,10.585862159729004,2069864
SOUTHBANK,2019-11-13,10.393392562866211,10.585862608558822,10.345274822000667,10.585862608558822,3208070
SOUTHBANK,2019-11-14,10.249038696289062,10.393391909815515,10.152804138374274,10.393391909815515,3758201
SOUTHBANK,2019-11-15,10.633980751037598,10.682098493720403,10.05656967438313,10.24903972734475,8292524
SOUTHBANK,2019-11-18,10.778331756591797,10.826449493449918,10.537743990070688,10.68209720064505,4197066
SOUTHBANK,2019-11-19,10.874567985534668,11.018920288364642,10.585862462105162,10.68209794250485,7030126
SOUTHBANK,2019-11-20,10.682097434997559,10.97080202694113,10.585861959170025,10.87456746888311,4876615
SOUTHBANK,2019-11-21,10.585862159729004,10.826449936086481,10.44150986102233,10.730214458435677,4150289
SOUTHBANK,2019-11-22,10.633980751037598,10.826450803999217,10.441510698075977,10.537745265671983,4767071
SOUTHBANK,2019-11-25,10.585862159729004,10.682097637379808,10.4896266820782,10.585862159729004,4676264
SOUTHBANK,2019-11-26,10.489625930786133,10.73021368991214,10.489625930786133,10.585861401544323,4414207
SOUTHBANK,2019-11-27,10.489625930786133,10.585861401544323,10.489625930786133,10.537743666165227,1705248
SOUTHBANK,2019-11-28,10.682097434997559,10.73021425514181,10.48962648334249,10.48962648334249,4728701
SOUTHBANK,2019-11-29,10.778331756591797,11.018919523112906,10.633979463786929,10.68209720064505,7135100
SOUTHBANK,2019-12-02,10.585862159729004,10.826449936086481,10.585862159729004,10.77833219726108,3204410
SOUTHBANK,2019-12-03,10.489625930786133,10.73021368991214,10.441509113176505,10.682096872302512,2646656
SOUTHBANK,2019-12-04,10.585862159729004,10.682097637379808,10.44150986102233,10.4896266820782,3466326
SOUTHBANK,2019-12-05,10.537744522094727,10.682097739957118,10.489626782807264,10.585862261382191,2843026
SOUTHBANK,2019-12-06,10.393392562866211,10.585862608558822,10.345274822000667,10.537744867693275,2986338
SOUTHBANK,2019-12-09,10.345273971557617,10.585861738338027,10.297156234647636,10.297156234647636,2752481
SOUTHBANK,2019-12-10,10.152804374694824,10.393392151736078,10.152804374694824,10.297156673811763,3790441
SOUTHBANK,2019-12-11,10.008450508117676,10.200921451472208,9.960333690048518,10.152803715633574,4441335
SOUTHBANK,2019-12-12,10.104686737060547,10.200922215949893,10.056568997615873,10.104686737060547,1722251
SOUTHBANK,2019-12-13,10.152804374694824,10.297156673811763,10.152804374694824,10.249038934849604,2782897
SOUTHBANK,2019-12-16,10.104686737060547,10.249039037625023,10.056568997615873,10.200922215949893,1690150
SOUTHBANK,2019-12-17,10.05656909942627,10.200922319221688,10.05656909942627,10.152804579289882,2326165
SOUTHBANK,2019-12-18,10.05656909942627,10.152804579289882,10.008451359494464,10.104686839358076,1540281
SOUTHBANK,2019-12-19,10.104686737060547,10.200922215949893,9.96033443649607,10.056568997615873,3724930
SOUTHBANK,2019-12-20,10.008450508117676,10.200921451472208,9.960333690048518,10.152803715633574,4741018
SOUTHBANK,2019-12-23,9.912217140197754,10.0565694472158,9.864099398601876,9.960334881793631,3494022
SOUTHBANK,2019-12-24,9.912217140197754,10.008451705619924,9.912217140197754,9.960334881793631,2009797
SOUTHBANK,2019-12-26,9.912217140197754,10.008451705619924,9.864099398601876,9.912217140197754,2067099
SOUTHBANK,2019-12-27,9.912217140197754,10.008451705619924,9.912217140197754,9.960334881793631,2950507
SOUTHBANK,2019-12-30,9.67162799835205,10.008450306912202,9.67162799835205,9.91221575493907,9056242
SOUTHBANK,2019-12-31,9.719746589660645,9.767863411002207,9.671628850549546,9.719746589660645,2761920
SOUTHBANK,2020-01-01,9.912217140197754,10.0565694472158,9.71974709158383,9.71974709158383,3276640
SOUTHBANK,2020-01-02,9.960334777832031,10.0084516011561,9.86409929564474,9.912217036738385,3560939
SOUTHBANK,2020-01-03,9.960334777832031,10.056569342249746,9.912217036738385,10.0084516011561,3549406
SOUTHBANK,2020-01-06,9.767863273620605,9.960334227357967,9.719746452955789,9.912216488923626,4356937
SOUTHBANK,2020-01-07,9.912217140197754,10.104687188811678,9.815981657005999,9.864099398601876,4030460
SOUTHBANK,2020-01-08,9.767863273620605,9.864098750489287,9.719746452955789,9.815981012054946,2376185
SOUTHBANK,2020-01-09,9.864099502563477,9.960334986769494,9.815981760460467,9.864099502563477,2461281
SOUTHBANK,2020-01-10,9.912217140197754,10.008451705619924,9.815981657005999,9.864099398601876,4653634
SOUTHBANK,2020-01-13,9.912217140197754,10.008451705619924,9.71974709158383,9.912217140197754,6774788
SOUTHBANK,2020-01-14,9.960334777832031,10.0084516011561,9.86409929564474,9.912217036738385,3805018
SOUTHBANK,2020-01-15,10.489625930786133,10.585861401544323,9.96033359492449,9.96033359492449,11686608
SOUTHBANK,2020-01-16,10.633980751037598,10.826450803999217,10.58586300835479,10.58586300835479,10681889
SOUTHBANK,2020-01-17,10.537744522094727,10.826450040049968,10.29715674342695,10.778332300762504,11690847
SOUTHBANK,2020-01-20,10.682097434997559,10.778331993055577,10.48962648334249,10.48962648334249,6062904
SOUTHBANK,2020-01-21,10.730215072631836,11.018920604340185,10.682098248821767,10.730215072631836,7302526
SOUTHBANK,2020-01-22,10.682097434997559,10.87456746888311,10.633979697083792,10.778331993055577,3226322
SOUTHBANK,2020-01-23,10.633980751037598,10.826450803999217,10.58586300835479,10.682098493720403,4023789
SOUTHBANK,2020-01-24,10.778331756591797,10.826449493449918,10.585861726928808,10.68209720064505,4145158
SOUTHBANK,2020-01-27,10.633980751037598,10.826450803999217,10.633980751037598,10.778333061316411,4587207
SOUTHBANK,2020-01-28,10.441510200500488,10.682097984680043,10.393392460110665,10.682097984680043,4007377
SOUTHBANK,2020-01-29,10.489625930786133,10.633979136923417,10.441509113176505,10.489625930786133,2858340
SOUTHBANK,2020-01-30,10.249038696289062,10.537744205572453,10.200921876216425,10.537744205572453,4042939
SOUTHBANK,2020-01-31,10.05656909942627,10.297156881315747,10.05656909942627,10.24903914138394,6415284
SOUTHBANK,2020-02-03,9.67162799835205,9.960333489810365,9.623510263480755,9.864098020067775,6789951
SOUTHBANK,2020-02-04,9.67162799835205,9.767862550325184,9.575392528609461,9.67162799835205,10163349
SOUTHBANK,2020-02-05,9.719746589660645,9.767863411002207,9.623511111438445,9.719746589660645,5764734
SOUTHBANK,2020-02-06,9.719746589660645,9.815981150113307,9.671628850549546,9.815981150113307,6514093
SOUTHBANK,2020-02-07,9.719746589660645,9.767863411002207,9.671628850549546,9.767863411002207,2533323
SOUTHBANK,2020-02-10,9.575393676757812,9.767863721551873,9.575393676757812,9.767863721551873,4888734
SOUTHBANK,2020-02-11,9.62351131439209,9.719746794643834,9.62351131439209,9.671629054517963,2330574
SOUTHBANK,2020-02-12,9.575393676757812,9.719746898680533,9.527275936116904,9.671629158039627,7436042
SOUTHBANK,2020-02-13,9.62351131439209,9.767863617000149,9.527275834140346,9.575393574266219,4492295
SOUTHBANK,2020-02-14,9.575393676757812,9.767863721551873,9.527275936116904,9.623511417398719,4016678
SOUTHBANK,2020-02-17,9.479158401489258,9.671628431831428,9.382922927433423,9.62351069480351,5207241
SOUTHBANK,2020-02-18,9.334805488586426,9.479158704281241,9.238570929226077,9.479158704281241,4988783
SOUTHBANK,2020-02-19,9.43104076385498,9.527275321155532,9.38292302631995,9.38292302631995,3443733
SOUTHBANK,2020-02-20,9.334805488586426,9.431040965716303,9.334805488586426,9.431040965716303,2764977
SOUTHBANK,2020-02-24,9.19045352935791,9.334805832603028,9.19045352935791,9.334805832603028,3583429
SOUTHBANK,2020-02-25,9.19045352935791,9.286688092264802,9.142335789019684,9.238571269696136,3239634
SOUTHBANK,2020-02-26,9.094218254089355,9.190453736939446,9.094218254089355,9.1423359955144,3336190
SOUTHBANK,2020-02-27,9.238571166992188,9.38292346863256,9.046100207778956,9.142335687385572,3634407
SOUTHBANK,2020-02-28,8.901747703552246,9.190453218032172,8.901747703552246,9.094217740615687,5110839
SOUTHBANK,2020-03-02,8.66115951538086,9.094217307596006,8.516807223898974,9.04609957117888,6395406
SOUTHBANK,2020-03-03,8.51680850982666,8.805513136381089,8.51680850982666,8.709278566786155,4719019
SOUTHBANK,2020-03-04,8.66115951538086,8.949865016114119,8.564924042546611,8.613041778963735,6467793
SOUTHBANK,2020-03-05,8.613041877746582,8.80551190785303,8.564924140777595,8.709277351684554,5927246
SOUTHBANK,2020-03-06,8.179985046386719,8.468690584518995,8.083749561086092,8.468690584518995,9398483
SOUTHBANK,2020-03-09,7.2176337242126465,8.08374940401033,7.12139869966677,8.035632580064583,20649869
SOUTHBANK,2020-03-11,7.602573871612549,7.843161190570679,7.265751074409445,7.265751074409445,9185144
SOUTHBANK,2020-03-12,6.928927421569824,7.361985672220903,6.832692407720055,7.361985672220903,12481276
SOUTHBANK,2020-03-13,6.640222549438477,7.025163073543633,6.014694255128194,6.399634779233349,30376993
SOUTHBANK,2020-03-16,6.159047603607178,6.543988164873526,6.110929861367085,6.543988164873526,15498300
SOUTHBANK,2020-03-17,6.014694690704346,6.495870265960693,5.870341926350483,6.159047455058207,18445140
SOUTHBANK,2020-03-18,5.725988864898682,6.207164415188815,5.677871585200527,6.15904713549066,23476037
SOUTHBANK,2020-03-19,5.244812965393066,5.677871207150719,5.196695688898705,5.677871207150719,20652275
SOUTHBANK,2020-03-20,5.437283992767334,5.533519014282244,5.196696209537672,5.38916625256749,25396366
SOUTHBANK,2020-03-23,4.763638019561768,5.100461289920203,4.619285713847911,5.004225807597913,20384285
SOUTHBANK,2020-03-24,4.811755657196045,4.956108418688882,4.667402895703208,4.90799067856301,9722581
SOUTHBANK,2020-03-25,4.859873294830322,4.907990575056654,4.715520536381792,4.811755555719222,7761692
SOUTHBANK,2020-03-26,5.148578643798828,5.292931410405015,4.85987356947125,4.907990852416782,13577878
SOUTHBANK,2020-03-27,5.389165878295898,5.629753644817008,5.244813126606283,5.244813126606283,15786727
SOUTHBANK,2020-03-30,5.244812965393066,5.389165712645617,5.196695688898705,5.389165712645617,6327220
SOUTHBANK,2020-03-31,5.485401630401611,5.581637117052538,5.196696547103258,5.341049318194839,8308817
SOUTHBANK,2020-04-01,5.5335187911987305,5.58163652945871,5.292931017668351,5.48540105293875,5294183
SOUTHBANK,2020-04-03,5.485401630401611,5.629754401493193,5.437284345960957,5.533519373727075,5608330
SOUTHBANK,2020-04-07,5.6778717041015625,5.774106724397906,5.581636683805218,5.725988984807348,8583704
SOUTHBANK,2020-04-08,5.6778717041015625,5.87034174469425,5.581636683805218,5.6778717041015625,9576211
SOUTHBANK,2020-04-09,5.6778717041015625,5.822224463988465,5.581636683805218,5.774106724397906,9866110
SOUTHBANK,2020-04-13,5.6778717041015625,5.822224463988465,5.53351894421466,5.6778717041015625,5208441
SOUTHBANK,2020-04-15,5.581636428833008,5.918459213926348,5.533518691440494,5.7741064606335595,17085202
SOUTHBANK,2020-04-16,5.6778717041015625,5.725988984807348,5.581636683805218,5.581636683805218,5738564
SOUTHBANK,2020-04-17,5.6778717041015625,5.918459484284808,5.581636683805218,5.822224463988465,17322403
SOUTHBANK,2020-04-20,5.8222246170043945,6.3034001900168315,5.725989135294079,5.725989135294079,40280341
SOUTHBANK,2020-04-21,5.6778717041015625,5.822224463988465,5.6297539645110035,5.774106724397906,15852349
SOUTHBANK,2020-04-22,5.725988864898682,5.7741066034816,5.581636566919452,5.677871585200527,6471855
SOUTHBANK,2020-04-23,5.8222246170043945,5.870341898974767,5.725989135294079,5.7741068761492365,6661845
SOUTHBANK,2020-04-24,5.581636428833008,5.7741064606335595,5.533518691440494,5.7741064606335595,11172661
SOUTHBANK,2020-04-27,5.581636428833008,5.725988723241045,5.581636428833008,5.677871444733284,7887517
SOUTHBANK,2020-04-28,5.581636428833008,5.677871444733284,5.533518691440494,5.677871444733284,8583682
SOUTHBANK,2020-04-29,5.581636428833008,5.62975370734077,5.533518691440494,5.581636428833008,5636979
SOUTHBANK,2020-04-30,5.6778717041015625,5.774106724397906,5.6297539645110035,5.6778717041015625,15489940
SOUTHBANK,2020-05-04,5.485401630401611,5.6778721448186555,5.437284345960957,5.629754401493193,10716522
SOUTHBANK,2020-05-05,5.389165878295898,5.581636366843634,5.389165878295898,5.581636366843634,7127535
SOUTHBANK,2020-05-06,5.292931079864502,5.437283837455942,5.148578322273062,5.437283837455942,12385382
SOUTHBANK,2020-05-07,5.389165878295898,5.437283615154019,5.244813126606283,5.292930863464404,5611938
SOUTHBANK,2020-05-08,5.341048717498779,5.485401013470565,5.292930979585012,5.437283734441555,4626063
SOUTHBANK,2020-05-11,5.148578643798828,5.437284177011202,5.100461360853296,5.389166435180875,15627119
SOUTHBANK,2020-05-12,5.148578643798828,5.1966963856291555,5.004225877192642,5.148578643798828,6957231
SOUTHBANK,2020-05-13,5.292931079864502,5.485401117396577,5.2448133410391,5.341048818689904,10122279
SOUTHBANK,2020-05-14,5.292931079864502,5.341048818689904,5.196696061098464,5.292931079864502,5195504
SOUTHBANK,2020-05-15,5.100461006164551,5.3410487808159965,4.95610824959673,5.2929310423318015,17667701
SOUTHBANK,2020-05-18,4.956108570098877,5.1485786187128015,4.907990828502999,5.100461336001716,9765359
SOUTHBANK,2020-05-19,4.811755657196045,5.004225699929975,4.763637917070173,5.004225699929975,13939207
SOUTHBANK,2020-05-20,4.811755657196045,4.90799067856301,4.763637917070173,4.90799067856301,15382540
SOUTHBANK,2020-05-21,4.763638019561768,4.859873501884056,4.715520737285412,4.859873501884056,13166502
SOUTHBANK,2020-05-22,4.763638019561768,4.811755760722912,4.715520737285412,4.763638019561768,9804543
SOUTHBANK,2020-05-26,4.71552038192749,4.811755398112795,4.71552038192749,4.811755398112795,6400730
SOUTHBANK,2020-05-27,4.71552038192749,4.763637660577766,4.66740264439246,4.763637660577766,10719170
SOUTHBANK,2020-05-28,4.763638019561768,4.859873501884056,4.715520737285412,4.763638019561768,13455614
SOUTHBANK,2020-05-29,4.71552038192749,4.859873135647825,4.66740264439246,4.763637660577766,21707322
SOUTHBANK,2020-06-01,5.437283992767334,5.581636754482088,4.715520643078346,4.763637924393411,41491473
SOUTHBANK,2020-06-02,5.437283992767334,5.533519014282244,5.292931231052581,5.485401274082399,19318991
SOUTHBANK,2020-06-03,6.495870113372803,6.495870113372803,5.5335189854657205,5.5816367254149855,82843616
SOUTHBANK,2020-06-04,6.928927421569824,7.410102949703416,6.592104643653259,6.880810144087311,93330135
SOUTHBANK,2020-06-05,7.025163173675537,7.217633209029074,6.928927697114007,7.121398191352306,25772861
SOUTHBANK,2020-06-08,6.97704553604126,7.3138683322111255,6.928927797066379,7.265751052121012,25357861
SOUTHBANK,2020-06-09,6.640222549438477,7.025163073543633,6.303399762928249,7.025163073543633,22460575
SOUTHBANK,2020-06-10,6.688340187072754,6.784575667427004,6.543987884310937,6.736457927249878,11183051
SOUTHBANK,2020-06-11,6.592104911804199,6.7845754062177175,6.543987632364391,6.7845754062177175,10211980
SOUTHBANK,2020-06-12,6.447752475738525,6.495870216451338,6.110929667403191,6.159047408116003,13290183
SOUTHBANK,2020-06-15,6.688340187072754,6.83269294871935,6.447752403956686,6.592105165603282,20707829
SOUTHBANK,2020-06-16,6.543988227844238,6.880811050111632,6.447752742438008,6.736458280887091,16127726
SOUTHBANK,2020-06-17,6.543988227844238,6.59210551166255,6.351517715916582,6.495870485141124,7186482
SOUTHBANK,2020-06-18,6.640222549438477,6.736457565743577,6.447752057943522,6.447752057943522,15947964
SOUTHBANK,2020-06-19,6.736457824707031,6.880810584156279,6.640222804702456,6.688340085262357,34775822
SOUTHBANK,2020-06-22,7.410103797912598,7.410103797912598,6.928928214700486,6.9770459565756155,38739656
SOUTHBANK,2020-06-23,8.131866455078125,8.131866455078125,7.650690914330668,8.131866455078125,24529038
SOUTHBANK,2020-06-24,8.709278106689453,8.901748153481075,8.27622027196591,8.901748153481075,139312706
SOUTHBANK,2020-06-25,8.276220321655273,8.564924934691263,8.276220321655273,8.564924934691263,41098958
SOUTHBANK,2020-06-26,8.51680850982666,8.661160823103874,8.228102965502606,8.276220709184885,35820321
SOUTHBANK,2020-06-29,8.131866455078125,8.22810193033542,8.131866455078125,8.179984192706772,6754319
SOUTHBANK,2020-06-30,7.746926784515381,7.891279086990691,7.746926784515381,7.746926784515381,8339062
SOUTHBANK,2020-07-01,7.410103797912598,7.698809331393782,7.361986514922264,7.361986514922264,39667102
SOUTHBANK,2020-07-02,7.746926784515381,7.746926784515381,7.55445628307367,7.55445628307367,30565884
SOUTHBANK,2020-07-03,7.795044422149658,8.131866762755172,7.6988089432512,8.131866762755172,20491953
SOUTHBANK,2020-07-06,7.795044422149658,7.939396722727801,7.746926682700429,7.795044422149658,13440266
SOUTHBANK,2020-07-07,7.698808670043945,7.8431609654994645,7.602573653445347,7.8431609654994645,15288246
SOUTHBANK,2020-07-08,7.650691032409668,8.083748842212191,7.5544560145518584,7.843161068125287,34318498
SOUTHBANK,2020-07-09,7.987514495849609,7.987514495849609,7.84316127689338,7.987514495849609,20282453
SOUTHBANK,2020-07-10,7.698808670043945,8.035631916466173,7.650690932302268,8.035631916466173,33911430
SOUTHBANK,2020-07-13,7.506339073181152,7.7950445986438055,7.458221332642449,7.7950445986438055,14560287
SOUTHBANK,2020-07-14,7.265750885009766,7.5063386565811525,7.217633147141586,7.5063386565811525,13861959
SOUTHBANK,2020-07-15,7.2176337242126465,7.50633925673507,7.2176337242126465,7.361986490473859,9159944
SOUTHBANK,2020-07-16,7.121398448944092,7.313868491259562,7.025163427786356,7.265751210123083,9378803
SOUTHBANK,2020-07-17,7.2176337242126465,7.265751465927982,7.0251636751208935,7.12139869966677,11003639
SOUTHBANK,2020-07-20,7.265750885009766,7.410103180844792,7.217633147141586,7.313868163993189,10905611
SOUTHBANK,2020-07-21,7.169515609741211,7.410103388039705,7.169515609741211,7.361986107710868,12193465
SOUTHBANK,2020-07-22,7.0732808113098145,7.265751315296108,7.0251635294768295,7.217633574578339,13225490
SOUTHBANK,2020-07-23,7.0732808113098145,7.16951583386057,7.0251635294768295,7.121398552027584,13266161
SOUTHBANK,2020-07-24,6.928927421569824,7.07328017178685,6.880810144087311,7.07328017178685,11206712
SOUTHBANK,2020-07-27,6.688340187072754,6.977045710365946,6.640222905780408,6.928927970188821,12705743
SOUTHBANK,2020-07-28,6.592104911804199,6.736457667893148,6.543987632364391,6.736457667893148,10024862
SOUTHBANK,2020-07-29,6.784575462341309,6.880810480901766,6.399634929214716,6.59210496633563,27003205
SOUTHBANK,2020-07-30,6.688340187072754,6.880810688896475,6.640222905780408,6.83269294871935,8683684
SOUTHBANK,2020-07-31,6.640222549438477,6.68833982814865,6.543987533133377,6.68833982814865,6831651
SOUTHBANK,2020-08-03,6.495870113372803,6.64022287433582,6.495870113372803,6.64022287433582,10247088
SOUTHBANK,2020-08-04,6.543988227844238,6.59210551166255,6.495870485141124,6.543988227844238,5643626
SOUTHBANK,2020-08-05,6.688340187072754,6.83269294871935,6.543987884310937,6.543987884310937,17518892
SOUTHBANK,2020-08-06,6.784575462341309,6.977045499462223,6.59210496633563,6.784575462341309,31810268
SOUTHBANK,2020-08-07,6.736457824707031,6.880810584156279,6.640222804702456,6.784575564151704,16917309
SOUTHBANK,2020-08-10,6.736457824707031,6.880810584156279,6.688340085262357,6.736457824707031,11216789
SOUTHBANK,2020-08-11,6.784575462341309,6.832692742179154,6.736457723618698,6.784575462341309,7210812
SOUTHBANK,2020-08-12,7.0732808113098145,7.16951583386057,6.7364580029397825,6.832693025490537,46969580
SOUTHBANK,2020-08-13,6.97704553604126,7.265751052121012,6.97704553604126,7.2176333131461305,18902236
SOUTHBANK,2020-08-14,6.784575462341309,7.025163238184834,6.736457723618698,6.977045499462223,17497091
SOUTHBANK,2020-08-17,6.736457824707031,6.832692844711605,6.688340085262357,6.784575564151704,11586406
SOUTHBANK,2020-08-18,6.784575462341309,6.880810480901766,6.736457723618698,6.784575462341309,10852827
SOUTHBANK,2020-08-19,7.0732808113098145,7.121398552027584,6.784575743657552,6.832693025490537,29780256
SOUTHBANK,2020-08-20,6.97704553604126,7.2176333131461305,6.880810516976265,6.97704553604126,15052554
SOUTHBANK,2020-08-21,7.121398448944092,7.410103512417298,6.9770456877650995,7.025163427786356,42699270
SOUTHBANK,2020-08-24,7.265750885009766,7.458220918712972,7.02516311343838,7.169515409273406,27292152
SOUTHBANK,2020-08-25,7.0732808113098145,7.410103619679847,7.0732808113098145,7.313868597129093,17009607
SOUTHBANK,2020-08-26,7.121398448944092,7.217633470101827,7.073280708922835,7.121398448944092,14488259
SOUTHBANK,2020-08-27,7.169515609741211,7.410103388039705,7.121398329412374,7.169515609741211,18601731
SOUTHBANK,2020-08-28,7.313868045806885,7.602573550581199,7.169515293419727,7.217633030510362,44523025
SOUTHBANK,2020-08-31,6.97704553604126,7.554456109315997,6.928927797066379,7.506338829225883,26250769
SOUTHBANK,2020-09-01,6.928927421569824,7.07328017178685,6.784575130237541,7.025162894304337,9836576
SOUTHBANK,2020-09-02,6.97704553604126,7.073280555106255,6.928927797066379,6.928927797066379,5655072
SOUTHBANK,2020-09-03,7.025163173675537,7.217633209029074,6.977045435394772,7.025163173675537,8041009
SOUTHBANK,2020-09-04,7.121398448944092,7.16951573008057,6.928927947743842,7.025163427786356,14908113
SOUTHBANK,2020-09-07,7.025163173675537,7.169515470748309,6.977045435394772,7.121398191352306,6356213
SOUTHBANK,2020-09-08,6.880810737609863,7.073280781911416,6.832692997092084,7.073280781911416,5282859
SOUTHBANK,2020-09-09,6.832693099975586,6.880810841217899,6.736458076375747,6.832693099975586,7423027
SOUTHBANK,2020-09-10,6.880810737609863,7.121398522429196,6.832692997092084,6.832692997092084,9259252
SOUTHBANK,2020-09-11,6.880810737609863,6.97704575976064,6.832692997092084,6.880810737609863,4717119
SOUTHBANK,2020-09-14,6.928927421569824,7.07328017178685,6.880810144087311,6.928927421569824,6819417
SOUTHBANK,2020-09-15,6.928927421569824,7.025162894304337,6.880810144087311,6.928927421569824,8771531
SOUTHBANK,2020-09-16,6.97704553604126,7.1213982940811364,6.928927797066379,6.928927797066379,10609526
SOUTHBANK,2020-09-17,6.736457824707031,7.025163343605527,6.736457824707031,6.92892786471618,15422602
SOUTHBANK,2020-09-18,6.688340187072754,6.880810688896475,6.640222905780408,6.784575667427004,10225607
SOUTHBANK,2020-09-21,6.543988227844238,6.736458280887091,6.543988227844238,6.688340538183976,8772904
SOUTHBANK,2020-09-22,6.447752475738525,6.640222979704991,6.207164689944031,6.592105238992179,10471859
SOUTHBANK,2020-09-23,6.399634838104248,6.543987593332192,6.399634838104248,6.495869855294624,4364105
SOUTHBANK,2020-09-24,6.207164764404297,6.399635270679612,6.15904748199906,6.303400246984349,6954821
SOUTHBANK,2020-09-25,6.495870113372803,6.543987853322068,6.255282331396033,6.303400071345298,6317768
SOUTHBANK,2020-09-28,6.640222549438477,6.68833982814865,6.495869795538449,6.543987533133377,6388528
SOUTHBANK,2020-09-29,6.543988227844238,6.736458280887091,6.495870485141124,6.688340538183976,6141507
SOUTHBANK,2020-09-30,6.495870113372803,6.64022287433582,6.447752373423538,6.592105134386555,2908966
SOUTHBANK,2020-10-01,6.495870113372803,6.543987853322068,6.447752373423538,6.543987853322068,4451655
SOUTHBANK,2020-10-05,6.447752475738525,6.592105238992179,6.447752475738525,6.54398795716415,3453115
SOUTHBANK,2020-10-06,6.447752475738525,6.495870216451338,6.399635193910497,6.495870216451338,3796473
SOUTHBANK,2020-10-07,6.495870113372803,6.543987853322068,6.39963509235905,6.447752373423538,4167416
SOUTHBANK,2020-10-08,6.592104911804199,6.736457667893148,6.495869894039821,6.543987632364391,8927292
SOUTHBANK,2020-10-09,6.592104911804199,6.688339929568578,6.495869894039821,6.592104911804199,7128665
SOUTHBANK,2020-10-12,6.592104911804199,6.736457667893148,6.543987632364391,6.640222650128769,6830727
SOUTHBANK,2020-10-13,6.640222549438477,6.784575303338505,6.543987533133377,6.59210481184355,7342743
SOUTHBANK,2020-10-14,6.592104911804199,6.688339929568578,6.543987632364391,6.640222650128769,8353217
SOUTHBANK,2020-10-15,6.495870113372803,6.688340155400308,6.447752373423538,6.592105134386555,8554375
SOUTHBANK,2020-10-16,6.399634838104248,6.543987593332192,6.351517100066681,6.495869855294624,5374804
SOUTHBANK,2020-10-19,6.351517200469971,6.4477522191816075,6.01469440553686,6.4477522191816075,11214481
SOUTHBANK,2020-10-20,6.399634838104248,6.543987593332192,6.255282082876304,6.351517100066681,5230637
SOUTHBANK,2020-10-21,6.495870113372803,6.592105134386555,6.39963509235905,6.495870113372803,5467452
SOUTHBANK,2020-10-22,6.447752475738525,6.54398795716415,6.399635193910497,6.447752475738525,3228340
SOUTHBANK,2020-10-23,6.495870113372803,6.543987853322068,6.447752373423538,6.447752373423538,3380391
SOUTHBANK,2020-10-26,6.447752475738525,6.54398795716415,6.303400171369656,6.495870216451338,5804739
SOUTHBANK,2020-10-27,6.447752475738525,6.447752475738525,6.351517453197685,6.447752475738525,3151852
SOUTHBANK,2020-10-28,6.303400039672852,6.447752341025771,6.303400039672852,6.399635060203056,3445991
SOUTHBANK,2020-10-29,6.207164764404297,6.303400246984349,6.15904748199906,6.255282505694323,4167235
SOUTHBANK,2020-10-30,6.207164764404297,6.303400246984349,6.207164764404297,6.255282505694323,3187484
SOUTHBANK,2020-11-02,6.207164764404297,6.303400246984349,6.110929740709035,6.255282505694323,6342428
SOUTHBANK,2020-11-03,6.159047603607178,6.255282629202565,6.159047603607178,6.207164886962472,3957718
SOUTHBANK,2020-11-04,6.110929489135742,6.1590472284448685,6.110929489135742,6.1590472284448685,2245912
SOUTHBANK,2020-11-05,6.255281925201416,6.399634676790706,6.159046910436805,6.159046910436805,5780335
SOUTHBANK,2020-11-06,6.303400039672852,6.399635060203056,6.255282299965361,6.303400039672852,4668844
SOUTHBANK,2020-11-09,6.351517200469971,6.399634939268172,6.207164442960133,6.351517200469971,5874127
SOUTHBANK,2020-11-10,6.543988227844238,6.688340538183976,6.255282689395155,6.399635458619697,15393533
SOUTHBANK,2020-11-11,6.495870113372803,6.64022287433582,6.447752373423538,6.592105134386555,7766379
SOUTHBANK,2020-11-12,6.399634838104248,6.543987593332192,6.351517100066681,6.495869855294624,4001938
SOUTHBANK,2020-11-13,6.399634838104248,6.447752117257057,6.303399820913872,6.399634838104248,5422631
SOUTHBANK,2020-11-14,6.447752475738525,6.495870216451338,6.399635193910497,6.447752475738525,2721675
SOUTHBANK,2020-11-17,6.399634838104248,6.543987593332192,6.399634838104248,6.495869855294624,6413217
SOUTHBANK,2020-11-18,6.97704553604126,7.1213982940811364,6.303399943701528,6.399634962766523,46001767
SOUTHBANK,2020-11-19,6.688340187072754,6.928927970188821,6.640222905780408,6.928927970188821,17060251
SOUTHBANK,2020-11-20,6.543988227844238,6.784576023590206,6.351517715916582,6.688340538183976,22222397
SOUTHBANK,2020-11-23,7.025163173675537,7.121398191352306,6.592104905802936,6.640222644083701,32222448
SOUTHBANK,2020-11-24,7.265750885009766,7.361985901861369,6.92892763770202,7.1213981302899825,28689409
SOUTHBANK,2020-11-25,7.025163173675537,7.410103244382612,6.977045435394772,7.313868226705843,18772502
SOUTHBANK,2020-11-26,7.265750885009766,7.313868163993189,6.977045375570199,7.02516311343838,16188205
SOUTHBANK,2020-11-27,7.265750885009766,7.410103180844792,7.169515409273406,7.265750885009766,19507746
SOUTHBANK,2020-12-01,7.602573871612549,7.698808890972755,7.3138683546471635,7.361986093769651,25973940
SOUTHBANK,2020-12-02,7.602573871612549,7.843161190570679,7.458221113129857,7.698808890972755,20674977
SOUTHBANK,2020-12-03,8.853630065917969,8.997983283690647,7.602573892953892,7.602573892953892,119891422
SOUTHBANK,2020-12-04,8.613041877746582,9.382922915941865,8.179984080564703,8.997982855728972,70699930
SOUTHBANK,2020-12-07,8.613041877746582,8.853629644822014,8.37245411067115,8.661159614715569,23069855
SOUTHBANK,2020-12-08,9.19045352935791,9.431041313279481,8.372454696916746,8.661160221176543,95235593
SOUTHBANK,2020-12-09,9.960334777832031,10.249039388854753,9.382923720247435,9.527276025758797,127557697
SOUTHBANK,2020-12-10,9.575393676757812,9.912216943474593,9.431041372604659,9.912216943474593,36590411
SOUTHBANK,2020-12-11,9.43104076385498,9.767863091061171,9.286687551249893,9.71974627129565,21114425
SOUTHBANK,2020-12-14,9.238571166992188,9.623511249879549,9.19045342718888,9.57539351007624,14770920
SOUTHBANK,2020-12-15,8.853630065917969,9.286687883696924,8.66116002665727,9.238571062208905,20269005
SOUTHBANK,2020-12-16,8.853630065917969,9.046100105178667,8.80551232666041,8.853630065917969,10890063
SOUTHBANK,2020-12-17,8.75739574432373,8.901748048268914,8.75739574432373,8.901748048268914,8332803
SOUTHBANK,2020-12-18,8.613041877746582,8.80551190785303,8.37245411067115,8.75739508865354,11602397
SOUTHBANK,2020-12-21,7.843161582946777,8.66116043564313,7.746927017656938,8.468690387293865,22660175
SOUTHBANK,2020-12-22,7.987514495849609,8.083749057384214,6.3034000324137685,7.795044455010851,35959089
SOUTHBANK,2020-12-23,8.613041877746582,8.709277351684554,7.987514050458256,8.131866343595718,26206496
SOUTHBANK,2020-12-24,8.613041877746582,8.949865118759986,8.468689584609121,8.75739508865354,16483107
SOUTHBANK,2020-12-28,8.709278106689453,8.901748153481075,8.661160365549154,8.709278106689453,14826252
SOUTHBANK,2020-12-29,8.853630065917969,8.997983283690647,8.70927776591483,8.80551232666041,17613068
SOUTHBANK,2020-12-30,8.709278106689453,8.949865894621373,8.661160365549154,8.853630412340776,11427099
SOUTHBANK,2020-12-31,8.66115951538086,8.805511806862746,8.564924042546611,8.709277251797984,9392291
SOUTHBANK,2021-01-01,8.75739574432373,8.805512567125747,8.709278003752148,8.75739574432373,7400742
SOUTHBANK,2021-01-04,9.142334938049316,9.286687227858094,8.805511704802868,8.853629440662285,51249817
SOUTHBANK,2021-01-05,8.9979829788208,9.190453011560226,8.8536297659391,9.046099798678524,25484711
SOUTHBANK,2021-01-06,8.949865341186523,9.142335376076332,8.805512126692026,8.997983079351355,23915408
SOUTHBANK,2021-01-07,8.9979829788208,9.334805306672417,8.8536297659391,8.9979829788208,30049316
SOUTHBANK,2021-01-08,8.853630065917969,9.142335583693786,8.853630065917969,9.046100105178667,20994625
SOUTHBANK,2021-01-11,8.709278106689453,8.949865894621373,8.661160365549154,8.949865894621373,12966530
SOUTHBANK,2021-01-12,9.19045352935791,9.767863660107944,8.516807917931425,8.709277961514768,74714646
SOUTHBANK,2021-01-13,9.094218254089355,9.431041526295088,8.949865947583804,9.23857147836449,26068934
SOUTHBANK,2021-01-14,9.142334938049316,9.238570409768153,8.949864912381122,9.142334938049316,14990726
SOUTHBANK,2021-01-15,8.949865341186523,9.286687672801307,8.901747603021692,9.142335376076332,14529066
SOUTHBANK,2021-01-18,8.805512428283691,9.094217949391423,8.757395606240364,8.949865647722332,14958868
SOUTHBANK,2021-01-19,8.949865341186523,9.142335376076332,8.85362986485686,8.85362986485686,15728751
SOUTHBANK,2021-01-20,8.9979829788208,9.094217536305758,8.901747503566334,8.9979829788208,10371883
SOUTHBANK,2021-01-21,8.709278106689453,9.142335941412995,8.613042624408854,9.046100459132397,17532143
SOUTHBANK,2021-01-22,8.22810173034668,8.372454021954548,7.939396229361456,8.17998399388756,35794331
SOUTHBANK,2021-01-25,7.939396381378174,8.420571919643518,7.8912786439977385,8.324336444882647,16134953
SOUTHBANK,2021-01-27,7.698808670043945,7.987514178724496,7.650690932302268,7.939396440982819,14533608
SOUTHBANK,2021-01-28,7.843161582946777,7.891279324476489,7.313868720543906,7.506339227777962,16048235
SOUTHBANK,2021-01-29,7.939396381378174,8.035631856139045,7.8912786439977385,7.939396381378174,8937358
SOUTHBANK,2021-02-01,8.22810173034668,8.324336285495429,7.939396229361456,8.035631702279694,14313039
SOUTHBANK,2021-02-02,8.131866455078125,8.420571963080501,8.03563189759034,8.372454225451854,12790158
SOUTHBANK,2021-02-03,8.131866455078125,8.276219667964067,7.987514159961692,8.179984192706772,9554227
SOUTHBANK,2021-02-04,8.276220321655273,8.564924934691263,8.083749355938505,8.131867097367698,29390903
SOUTHBANK,2021-02-05,8.083748817443848,8.468689805465162,7.98751425876566,8.3243365907936,24675403
SOUTHBANK,2021-02-08,8.035632133483887,8.228102171879108,7.9393966554015085,8.179984432837918,9674848
SOUTHBANK,2021-02-09,7.939396381378174,8.083748675749975,7.8912786439977385,8.035631856139045,12790446
SOUTHBANK,2021-02-10,7.8912787437438965,8.035631957709835,7.843161005755251,7.987514219721189,8397234
SOUTHBANK,2021-02-11,7.987514495849609,8.035632235501685,7.84316127689338,7.891279016545456,10841824
SOUTHBANK,2021-02-12,7.8912787437438965,7.987514219721189,7.843161005755251,7.987514219721189,5554486
SOUTHBANK,2021-02-15,7.746926784515381,7.939396827072313,7.698809044433759,7.891279086990691,14831948
SOUTHBANK,2021-02-16,7.843161582946777,8.035632549065626,7.795044759186649,7.795044759186649,8692685
SOUTHBANK,2021-02-17,8.372454643249512,8.51680786333889,7.843161338460901,7.843161338460901,50740369
SOUTHBANK,2021-02-18,8.613041877746582,8.901747381791001,8.324336373702163,8.516807321578108,64539039
SOUTHBANK,2021-02-19,8.372454643249512,8.85363020800833,8.179984600899896,8.61304242562892,35634477
SOUTHBANK,2021-02-22,8.324336051940918,8.709277015044155,8.228101499492206,8.516806992377267,21654762
SOUTHBANK,2021-02-23,8.324336051940918,8.46868925726818,8.179983764383119,8.324336051940918,13776643
SOUTHBANK,2021-02-24,8.66115951538086,8.709277251797984,8.276219459582839,8.276219459582839,21843995
SOUTHBANK,2021-02-25,8.564925193786621,8.80551299044096,8.516808368671441,8.75739616532578,21496313
SOUTHBANK,2021-02-26,9.479158401489258,9.8640984621736,8.66115962532316,8.757395099378995,170734508
SOUTHBANK,2021-03-01,10.104686737060547,10.441509995403717,9.527275699263555,9.719746657042249,141625049
SOUTHBANK,2021-03-02,9.864099502563477,10.345275088054377,9.623511709818025,10.200922779514945,54573089
SOUTHBANK,2021-03-03,9.719746589660645,10.056568927899267,9.671628850549546,9.864098889224406,26478726
SOUTHBANK,2021-03-04,9.479158401489258,9.719746168859345,9.43104066446134,9.62351069480351,25043531
SOUTHBANK,2021-03-05,9.19045352935791,9.527275876186373,9.142335789019684,9.527275876186373,18562459
SOUTHBANK,2021-03-08,9.43104076385498,9.864098566131231,9.286687551249893,9.33480528878492,28887163
SOUTHBANK,2021-03-09,9.142334938049316,9.623510461104544,8.805511704802868,9.527274989385708,19415181
SOUTHBANK,2021-03-10,9.19045352935791,9.431041313279481,9.046100308343231,9.238571269696136,20287224
SOUTHBANK,2021-03-12,9.094218254089355,9.382923784870043,8.997983689008848,9.190453736939446,17947618
SOUTHBANK,2021-03-15,8.949865341186523,9.142335376076332,8.805512126692026,9.142335376076332,16353789
SOUTHBANK,2021-03-16,8.901747703552246,9.094217740615687,8.853629964844004,8.997983180968731,10127787
SOUTHBANK,2021-03-17,8.709278106689453,8.949865894621373,8.661160365549154,8.901748153481075,14600160
SOUTHBANK,2021-03-18,8.51680850982666,8.853630880063369,8.51680850982666,8.757396310468435,11854502
SOUTHBANK,2021-03-19,8.613041877746582,8.709277351684554,8.276219554502674,8.516807321578108,16384255
SOUTHBANK,2021-03-22,8.468689918518066,8.757395433945751,8.420572179651863,8.613042217347141,12049267
SOUTHBANK,2021-03-23,8.564925193786621,8.70927842244099,8.468690625786651,8.516808368671441,12357241
SOUTHBANK,2021-03-24,8.420572280883789,8.661160060337611,8.372454541439115,8.564924581448265,12808168
SOUTHBANK,2021-03-25,8.131866455078125,8.564924258196935,7.987514159961692,8.516807438337796,17047752
SOUTHBANK,2021-03-26,8.083748817443848,8.3243365907936,7.98751425876566,8.276219770339265,12724571
SOUTHBANK,2021-03-30,7.8912787437438965,8.179984253906255,7.843161005755251,8.179984253906255,16225805
SOUTHBANK,2021-03-31,7.939396381378174,8.179984150510846,7.795044087006373,7.8912786439977385,13627359
SOUTHBANK,2021-04-01,8.372454643249512,8.420572383279305,7.98751455855028,8.035632298580072,12452921
SOUTHBANK,2021-04-05,8.083748817443848,8.372454329017454,8.035631996989514,8.3243365907936,9601232
SOUTHBANK,2021-04-06,8.131866455078125,8.276219667964067,8.083748717449478,8.083748717449478,6113099
SOUTHBANK,2021-04-07,8.131866455078125,8.372454225451854,8.131866455078125,8.179984192706772,9457645
SOUTHBANK,2021-04-08,8.179985046386719,8.276220531687347,8.131867303736405,8.131867303736405,7737910
SOUTHBANK,2021-04-09,8.324336051940918,8.46868925726818,8.13186602927403,8.179983764383119,12934986
SOUTHBANK,2021-04-12,7.795044422149658,8.1799845022044,7.6988089432512,8.1799845022044,19836261
SOUTHBANK,2021-04-13,7.698808670043945,8.035631916466173,7.650690932302268,7.8431609654994645,26024800
SOUTHBANK,2021-04-15,7.650691032409668,7.795044247523525,7.506338735065334,7.698808770780953,11225130
SOUTHBANK,2021-04-16,7.650691032409668,7.795044247523525,7.650691032409668,7.698808770780953,9395780
SOUTHBANK,2021-04-19,7.410103797912598,7.506339281662856,7.2657514900568,7.506339281662856,10027363
SOUTHBANK,2021-04-20,7.458220958709717,7.650690993445096,7.410103220583492,7.458220958709717,8492154
SOUTHBANK,2021-04-22,7.602573871612549,7.698808890972755,7.3138683546471635,7.458221113129857,11590045
SOUTHBANK,2021-04-23,7.506339073181152,7.602574095373775,7.458221332642449,7.5544563548350725,6734709
SOUTHBANK,2021-04-26,7.602573871612549,7.698808890972755,7.554456132490062,7.602573871612549,5549917
SOUTHBANK,2021-04-27,7.698808670043945,7.746926407785622,7.602573653445347,7.650690932302268,5441431
SOUTHBANK,2021-04-28,7.795044422149658,7.939396722727801,7.6988089432512,7.746926682700429,9579354
SOUTHBANK,2021-04-29,7.698808670043945,7.891278703241142,7.650690932302268,7.795044145527299,8164387
SOUTHBANK,2021-04-30,7.650691032409668,7.795044247523525,7.602573752923144,7.650691032409668,6274485
SOUTHBANK,2021-05-03,7.602573871612549,7.650691151850268,7.506338852252344,7.602573871612549,7489920
SOUTHBANK,2021-05-04,7.746926784515381,8.131866869629246,7.6025740231552925,7.6506913043521365,21708185
SOUTHBANK,2021-05-05,7.843161582946777,7.939397066006202,7.795044759186649,7.891279324476489,7589332
SOUTHBANK,2021-05-06,7.746926784515381,7.939396827072313,7.698809044433759,7.939396827072313,5117066
SOUTHBANK,2021-05-07,8.949865341186523,9.0942176379115,7.746926475913321,7.746926475913321,139316824
SOUTHBANK,2021-05-10,9.864099502563477,10.008451811102908,9.238571608533142,9.334806174969566,148086659
SOUTHBANK,2021-05-11,10.200922012329102,10.393392048496352,9.286687734437987,9.671628724542016,141579498
SOUTHBANK,2021-05-12,10.874567985534668,11.259508071594306,10.200922376045524,10.297156938675654,97200729
SOUTHBANK,2021-05-14,10.585862159729004,11.403860966452239,9.81598109183117,11.163273190094763,84504834
SOUTHBANK,2021-05-17,10.489625930786133,10.922684631428519,10.104685883292309,10.874566896049425,28202164
SOUTHBANK,2021-05-18,10.297157287597656,10.682098304470685,10.24903954576733,10.682098304470685,20676975
SOUTHBANK,2021-05-19,10.441510200500488,10.585862503900396,10.104686935541286,10.249039238941196,22349649
SOUTHBANK,2021-05-20,10.874567985534668,11.067038028564488,10.345274678875498,10.537744721905318,52713206
SOUTHBANK,2021-05-21,10.682097434997559,11.355743012481748,10.48962648334249,11.067037502768663,108245515
SOUTHBANK,2021-05-24,10.297157287597656,10.633980562640357,10.104687238045939,10.58586282081003,42665947
SOUTHBANK,2021-05-25,10.152804374694824,10.441509890698237,9.960334336615729,10.393392151736078,32329622
SOUTHBANK,2021-05-26,10.200922012329102,10.345274310012158,10.056568796876519,10.152804273844907,19065142
SOUTHBANK,2021-05-27,10.152804374694824,10.297156673811763,10.056568896770509,10.297156673811763,13845750
SOUTHBANK,2021-05-28,9.912217140197754,10.200922672003433,9.864099398601876,10.200922672003433,18284699
SOUTHBANK,2021-05-31,10.008450508117676,10.200921451472208,9.960333690048518,10.008450508117676,17933642
SOUTHBANK,2021-06-01,9.67162799835205,10.104685776654794,9.575392528609461,10.056568041783498,23640719
SOUTHBANK,2021-06-02,9.864099502563477,10.008451811102908,9.623511709818025,9.719747194024045,31015515
SOUTHBANK,2021-06-03,9.912217140197754,10.0565694472158,9.864099398601876,9.960334881793631,11698268
SOUTHBANK,2021-06-04,9.864099502563477,10.008451811102908,9.815981760460467,9.960334986769494,9939072
SOUTHBANK,2021-06-07,10.393392562866211,10.633980349424366,9.81598150801881,9.9122169897499,71565093
SOUTHBANK,2021-06-08,10.537744522094727,10.874567779337431,10.249039004139487,10.585862261382191,50551425
SOUTHBANK,2021-06-09,10.249038696289062,10.682097419098907,10.152804138374274,10.537744205572453,28978178
SOUTHBANK,2021-06-10,10.345273971557617,10.682097212157988,10.249038497737654,10.249038497737654,30932508
SOUTHBANK,2021-06-11,10.297157287597656,10.489627337149376,10.24903954576733,10.44151051308864,13331245
SOUTHBANK,2021-06-14,10.152804374694824,10.297156673811763,9.91221659765357,10.297156673811763,13350719
SOUTHBANK,2021-06-15,10.152804374694824,10.297156673811763,10.152804374694824,10.200922113656983,8928811
SOUTHBANK,2021-06-16,10.441510200500488,10.970802591479858,10.104686935541286,10.249039238941196,96319087
SOUTHBANK,2021-06-17,10.585862159729004,10.970802234793155,10.200922084664853,10.297156644546124,51263978
SOUTHBANK,2021-06-18,10.970803260803223,11.307626546311848,10.29715760755559,10.82645094859645,83367467
SOUTHBANK,2021-06-21,12.12562370300293,12.269975994655791,10.585861642448133,10.63397937892225,196869134
SOUTHBANK,2021-06-22,12.751152992248535,13.42479862715303,12.51056519994196,12.847388476279004,232414642
SOUTHBANK,2021-06-23,12.558682441711426,13.184210309684246,12.36621239908668,13.039858007158074,72732708
SOUTHBANK,2021-06-24,12.414329528808594,12.799270541359224,12.31809496399812,12.751152800069198,22640510
SOUTHBANK,2021-06-25,12.414329528808594,12.654917317489145,12.029389434027545,12.510565011388646,28080688
SOUTHBANK,2021-06-28,12.847387313842773,13.087975084380881,12.510564067981617,12.606799543304666,40638077
SOUTHBANK,2021-06-29,12.799269676208496,13.087975186664384,12.703034200133361,12.94362197255168,26760585
SOUTHBANK,2021-06-30,12.654916763305664,13.039857758998977,12.606799941892348,12.895504541450407,16765806
SOUTHBANK,2021-07-01,12.414329528808594,12.799270541359224,12.414329528808594,12.751152800069198,16213904
SOUTHBANK,2021-07-02,12.414329528808594,12.654917317489145,12.31809496399812,12.558682752678672,13581716
SOUTHBANK,2021-07-05,12.318095207214355,12.654917567355811,12.269977464974263,12.462447516165037,17121697
SOUTHBANK,2021-07-06,12.269976615905762,12.606799870509029,12.173741138084962,12.318094354816163,20362445
SOUTHBANK,2021-07-07,12.17374038696289,12.462445884842573,12.125623568790841,12.31809359478747,15114189
SOUTHBANK,2021-07-08,12.077507019042969,12.46244710884316,12.029389278375554,12.173741582608233,18257355
SOUTHBANK,2021-07-09,11.93315315246582,12.173740925037869,11.93315315246582,12.125624104739074,11823717
SOUTHBANK,2021-07-12,12.269976615905762,12.703034430560294,11.933153361302496,12.077506578033697,32399181
SOUTHBANK,2021-07-13,12.17374038696289,12.5105636207841,12.17374038696289,12.5105636207841,11472017
SOUTHBANK,2021-07-14,11.981271743774414,12.221859533479801,11.981271743774414,12.221859533479801,10084910
SOUTHBANK,2021-07-15,11.88503646850586,12.077506505217508,11.88503646850586,12.077506505217508,8980051
SOUTHBANK,2021-07-16,11.981271743774414,12.46244732318519,11.69256621257403,11.88503717855401,38286924
SOUTHBANK,2021-07-19,11.88503646850586,12.173741064688569,11.836918729885564,11.933153289356625,13595638
SOUTHBANK,2021-07-20,11.548213958740234,11.981271798639076,11.403861651363817,11.885037232977993,23648536
SOUTHBANK,2021-07-22,11.740683555603027,11.88503677518882,11.644448993648718,11.740683555603027,11911826
SOUTHBANK,2021-07-23,10.874567985534668,11.30762581179415,10.77833250513498,11.30762581179415,36724992
SOUTHBANK,2021-07-26,10.537744522094727,10.922685518624895,10.489626782807264,10.874567779337431,18570283
SOUTHBANK,2021-07-27,10.585862159729004,10.874567674911884,10.537744420903602,10.585862159729004,14368651
SOUTHBANK,2021-07-28,10.441510200500488,10.730214807300303,10.297156979331017,10.682097984680043,15476005
SOUTHBANK,2021-07-29,10.297157287597656,10.682098304470685,10.24903954576733,10.489627337149376,15624158
SOUTHBANK,2021-07-30,10.345273971557617,10.441509445377578,10.249038497737654,10.345273971557617,7828550
SOUTHBANK,2021-08-02,10.345273971557617,10.585861738338027,10.297156234647636,10.441509445377578,13996461
SOUTHBANK,2021-08-03,10.249038696289062,10.441509647657666,10.249038696289062,10.441509647657666,8861514
SOUTHBANK,2021-08-04,10.008450508117676,10.34527374121863,9.960333690048518,10.297156005379998,11476039
SOUTHBANK,2021-08-05,9.767863273620605,10.056568786457124,9.479158678553611,10.008451048022783,15642561
SOUTHBANK,2021-08-06,9.960334777832031,10.200922565530684,9.815981554551094,9.815981554551094,12046067
SOUTHBANK,2021-08-09,9.960334777832031,10.200922565530684,9.86409929564474,10.056569342249746,8732880
SOUTHBANK,2021-08-10,9.62351131439209,9.960334577503636,9.575393574266219,9.960334577503636,12281303
SOUTHBANK,2021-08-11,9.43104076385498,9.67162853376062,9.094217518879281,9.67162853376062,20925886
SOUTHBANK,2021-08-12,9.719746589660645,9.767863411002207,9.479158811874683,9.527275633216245,8190895
SOUTHBANK,2021-08-13,9.67162799835205,9.81598028519648,9.623510263480755,9.719745733223347,7997438
SOUTHBANK,2021-08-16,9.575393676757812,9.719746898680533,9.527275936116904,9.719746898680533,5126482
SOUTHBANK,2021-08-17,9.38292407989502,9.623511876815405,9.334806336957021,9.623511876815405,4546543
SOUTHBANK,2021-08-18,9.19045352935791,9.431041313279481,9.142335789019684,9.382923572941255,6644595
SOUTHBANK,2021-08-20,8.9979829788208,9.190453011560226,8.901747503566334,9.190453011560226,7057471
SOUTHBANK,2021-08-23,8.75739574432373,9.09421809278568,8.661160263180564,9.046100352214097,9974231
SOUTHBANK,2021-08-24,9.094218254089355,9.1423359955144,8.70927815822816,8.757395899653206,7821178
SOUTHBANK,2021-08-25,9.094218254089355,9.286688302019954,9.04610051266431,9.1423359955144,4969215
SOUTHBANK,2021-08-26,9.527276039123535,9.719747003768113,9.046100463051244,9.142335945373533,27160250
SOUTHBANK,2021-08-27,9.767863273620605,10.008451048022783,9.334805463250591,9.623510976087108,10450602
SOUTHBANK,2021-08-30,9.67162799835205,9.91221575493907,9.623510263480755,9.91221575493907,7760546
SOUTHBANK,2021-08-31,9.479158401489258,9.671628431831428,9.479158401489258,9.671628431831428,6122637
SOUTHBANK,2021-09-01,9.575393676757812,9.719746898680533,9.431041372604659,9.527275936116904,6789912
SOUTHBANK,2021-09-02,9.527276039123535,9.671629262606968,9.479159215731968,9.57539378028468,6611020
SOUTHBANK,2021-09-03,9.527276039123535,9.671629262606968,9.527276039123535,9.527276039123535,4572517
SOUTHBANK,2021-09-06,9.527276039123535,9.623511521445824,9.527276039123535,9.527276039123535,3988898
SOUTHBANK,2021-09-07,9.479158401489258,9.62351069480351,9.43104066446134,9.575392957775593,4958470
SOUTHBANK,2021-09-08,9.479158401489258,9.62351069480351,9.43104066446134,9.479158401489258,4513492
SOUTHBANK,2021-09-09,9.62351131439209,9.912216837377764,9.43104127165816,9.479159011784033,14279125
SOUTHBANK,2021-09-13,9.527276039123535,9.671629262606968,9.527276039123535,9.671629262606968,5303261
SOUTHBANK,2021-09-14,9.575393676757812,9.719746898680533,9.575393676757812,9.623511417398719,7649675
SOUTHBANK,2021-09-15,9.864099502563477,10.29715734595137,9.623511709818025,9.623511709818025,37598901
SOUTHBANK,2021-09-16,10.393392562866211,10.682098090289912,9.864099248884356,9.960334730615447,54919547
SOUTHBANK,2021-09-17,10.008450508117676,10.441509212895896,9.71974592862483,10.441509212895896,25522653
SOUTHBANK,2021-09-20,9.67162799835205,10.008450306912202,9.67162799835205,9.719745733223347,10604909
SOUTHBANK,2021-09-21,9.67162799835205,9.81598028519648,9.527274793738165,9.719745733223347,10077981
SOUTHBANK,2021-09-22,9.62351131439209,9.767863617000149,9.62351131439209,9.671629054517963,5753872
SOUTHBANK,2021-09-23,9.719746589660645,10.152804406121467,9.623511111438445,9.719746589660645,31529978
SOUTHBANK,2021-09-24,9.67162799835205,9.864098020067775,9.623510263480755,9.767862550325184,7529268
SOUTHBANK,2021-09-27,9.67162799835205,9.767862550325184,9.623510263480755,9.719745733223347,5843838
SOUTHBANK,2021-09-28,9.62351131439209,9.767863617000149,9.575393574266219,9.671629054517963,7757288
SOUTHBANK,2021-09-29,9.719746589660645,10.056568927899267,9.575393372327346,9.575393372327346,16270524
SOUTHBANK,2021-09-30,9.815980911254883,10.056568683186471,9.767863173314662,9.767863173314662,10337489
SOUTHBANK,2021-10-01,9.815980911254883,9.960334125075546,9.719746353143957,9.767863173314662,8074380
SOUTHBANK,2021-10-04,9.815980911254883,9.960334125075546,9.815980911254883,9.864098649195103,8433522
SOUTHBANK,2021-10-05,9.864099502563477,10.104687295308928,9.767864018357457,9.815981760460467,9939613
SOUTHBANK,2021-10-06,9.719746589660645,10.008451188788168,9.719746589660645,9.864098889224406,10026798
SOUTHBANK,2021-10-07,9.767863273620605,9.912216488923626,9.767863273620605,9.767863273620605,8260193
SOUTHBANK,2021-10-08,10.008450508117676,10.200921451472208,9.81598048253262,9.81598048253262,23879133
SOUTHBANK,2021-10-11,9.912217140197754,10.152804930407555,9.912217140197754,10.0565694472158,8829783
SOUTHBANK,2021-10-12,10.008450508117676,10.393391477057264,9.81598048253262,9.960333690048518,25589703
SOUTHBANK,2021-10-13,10.008450508117676,10.297156005379998,9.960333690048518,10.05656824395631,19653998
SOUTHBANK,2021-10-14,10.05656909942627,10.345274621247553,10.008451359494464,10.05656909942627,21784874
SOUTHBANK,2021-10-18,10.297157287597656,10.633980562640357,10.05656949621561,10.104687238045939,33369771
SOUTHBANK,2021-10-19,10.200922012329102,10.82644985931505,10.104686535360713,10.297156571527964,79082016
SOUTHBANK,2021-10-20,10.05656909942627,10.39339236117936,10.008451359494464,10.24903914138394,17244534
SOUTHBANK,2021-10-21,10.104686737060547,10.297156777069695,10.056568997615873,10.15280447650522,20218563
SOUTHBANK,2021-10-22,9.238571166992188,9.479158948239176,8.805512426531967,9.38292346863256,59928874
SOUTHBANK,2021-10-25,9.142334938049316,9.334804963717513,9.094217202189899,9.334804963717513,12802914
SOUTHBANK,2021-10-26,9.238571166992188,9.527275770272933,9.142335687385572,9.286687989025944,21668592
SOUTHBANK,2021-10-27,9.238571166992188,9.38292346863256,9.19045342718888,9.286687989025944,7708268
SOUTHBANK,2021-10-28,9.046100616455078,9.23857158436358,8.997983792247545,9.23857158436358,9679014
SOUTHBANK,2021-10-29,8.9979829788208,9.142335273932993,8.901747503566334,9.046099798678524,7872112
SOUTHBANK,2021-11-01,9.094218254089355,9.190453736939446,9.04610051266431,9.094218254089355,4927362
SOUTHBANK,2021-11-02,9.094218254089355,9.23857147836449,9.04610051266431,9.094218254089355,8026231
SOUTHBANK,2021-11-03,8.9979829788208,9.190453011560226,8.949865241193567,9.094217536305758,6686049
SOUTHBANK,2021-11-04,9.142334938049316,9.142334938049316,8.997982648240539,9.046099466330482,1872558
SOUTHBANK,2021-11-08,9.094218254089355,9.190453736939446,9.04610051266431,9.1423359955144,7166144
SOUTHBANK,2021-11-09,9.094218254089355,9.1423359955144,9.04610051266431,9.1423359955144,5636120
SOUTHBANK,2021-11-10,9.046100616455078,9.190453842386455,8.997983792247545,9.094218358432204,4932432
SOUTHBANK,2021-11-11,8.9979829788208,9.094217536305758,8.949865241193567,9.046099798678524,5320606
SOUTHBANK,2021-11-12,8.949865341186523,9.046099899746666,8.901747603021692,9.046099899746666,4138724
SOUTHBANK,2021-11-15,8.853630065917969,8.997983283690647,8.853630065917969,8.997983283690647,4806848
SOUTHBANK,2021-11-16,8.75739574432373,8.949865788840496,8.75739574432373,8.853630307697332,7574310
SOUTHBANK,2021-11-17,8.75739574432373,8.805512567125747,8.709278003752148,8.75739574432373,5217797
SOUTHBANK,2021-11-18,8.66115951538086,8.805511806862746,8.66115951538086,8.757394988215108,6042396
SOUTHBANK,2021-11-22,8.51680850982666,8.757396310468435,8.46869076614438,8.709278566786155,7761716
SOUTHBANK,2021-11-23,8.66115951538086,8.757394988215108,8.468689487481848,8.516807223898974,7904065
SOUTHBANK,2021-11-24,8.75739574432373,8.853630307697332,8.709278003752148,8.75739574432373,3911406
SOUTHBANK,2021-11-25,8.66115951538086,8.757394988215108,8.66115951538086,8.757394988215108,4602502
SOUTHBANK,2021-11-26,8.51680850982666,8.661160823103874,8.46869076614438,8.613043079421594,6860007
SOUTHBANK,2021-11-29,8.22810173034668,8.564924050021535,7.939396229361456,8.516807231331903,8285818
SOUTHBANK,2021-11-30,8.372454643249512,8.51680786333889,8.179984600899896,8.228102340929688,5390013
SOUTHBANK,2021-12-01,8.564925193786621,8.61304293667141,8.372455140017072,8.372455140017072,3820536
SOUTHBANK,2021-12-02,8.564925193786621,8.70927842244099,8.516808368671441,8.61304293667141,6460093
SOUTHBANK,2021-12-03,8.613041877746582,8.661159614715569,8.564924140777595,8.613041877746582,3081182
SOUTHBANK,2021-12-06,8.564925193786621,8.6611606795562,8.564925193786621,8.61304293667141,5424772
SOUTHBANK,2021-12-07,8.75739574432373,8.99798352941208,8.564924782037398,8.613042522608982,15303962
SOUTHBANK,2021-12-08,8.805512428283691,8.901747907909453,8.757395606240364,8.805512428283691,3453317
SOUTHBANK,2021-12-09,8.853630065917969,9.046100105178667,8.75739550517239,8.80551232666041,8723785
SOUTHBANK,2021-12-10,9.142334938049316,9.286687227858094,8.853629440662285,8.853629440662285,22343397
SOUTHBANK,2021-12-13,8.9979829788208,9.334805306672417,8.9979829788208,9.286687569045183,9088431
SOUTHBANK,2021-12-14,8.949865341186523,9.046099899746666,8.901747603021692,8.997983079351355,3388342
SOUTHBANK,2021-12-15,8.901747703552246,9.046100001907444,8.853629964844004,8.997983180968731,3478378
SOUTHBANK,2021-12-16,8.75739574432373,8.949865788840496,8.75739574432373,8.901748048268914,4809028
SOUTHBANK,2021-12-17,8.51680850982666,8.805513136381089,8.46869076614438,8.757396310468435,6707434
SOUTHBANK,2021-12-20,8.324336051940918,8.564923809716893,8.276219234601292,8.372453787050006,7432884
SOUTHBANK,2021-12-21,8.420572280883789,8.613042320892937,8.372454541439115,8.372454541439115,5871230
SOUTHBANK,2021-12-22,8.564925193786621,8.70927842244099,8.468690625786651,8.468690625786651,5617643
SOUTHBANK,2021-12-23,8.420572280883789,8.661160060337611,8.372454541439115,8.661160060337611,7610757
SOUTHBANK,2021-12-24,8.420572280883789,8.468690020328463,8.276219980319313,8.420572280883789,5437928
SOUTHBANK,2021-12-27,8.468689918518066,8.56492447848094,8.37245444078566,8.37245444078566,5297859
SOUTHBANK,2021-12-28,8.51680850982666,8.661160823103874,8.46869076614438,8.51680850982666,4313288
SOUTHBANK,2021-12-29,8.51680850982666,8.613043079421594,8.51680850982666,8.564925335739314,3367460
SOUTHBANK,2021-12-30,8.420572280883789,8.564924581448265,8.420572280883789,8.564924581448265,5416256
SOUTHBANK,2021-12-31,8.51680850982666,8.564925335739314,8.4205730224621,8.4205730224621,5238892
SOUTHBANK,2022-01-03,8.853630065917969,9.142335583693786,8.516807726654132,8.564924548142152,22784895
SOUTHBANK,2022-01-04,8.901747703552246,9.238570956740414,8.75739540519705,8.901747703552246,21192515
SOUTHBANK,2022-01-05,8.805512428283691,8.949865647722332,8.757395606240364,8.901747907909453,9211136
SOUTHBANK,2022-01-06,8.709278106689453,8.805512671200475,8.613042624408854,8.709278106689453,8308476
SOUTHBANK,2022-01-07,8.75739574432373,8.949865788840496,8.709278003752148,8.75739574432373,8284272
SOUTHBANK,2022-01-10,8.853630065917969,8.901747805175528,8.75739550517239,8.80551232666041,8098795
SOUTHBANK,2022-01-11,8.75739574432373,8.853630307697332,8.75739574432373,8.805512567125747,4231894
SOUTHBANK,2022-01-12,8.709278106689453,8.853630412340776,8.709278106689453,8.805512671200475,6211029
SOUTHBANK,2022-01-13,8.75739574432373,8.853630307697332,8.709278003752148,8.75739574432373,8769766
SOUTHBANK,2022-01-14,8.805512428283691,8.901747907909453,8.709277866427483,8.757395606240364,7895934
SOUTHBANK,2022-01-17,8.853630065917969,9.046100105178667,8.80551232666041,8.80551232666041,8442461
SOUTHBANK,2022-01-18,8.75739574432373,8.949865788840496,8.709278003752148,8.853630307697332,7567408
SOUTHBANK,2022-01-19,8.709278106689453,8.757395847829752,8.661160365549154,8.757395847829752,6204252
SOUTHBANK,2022-01-20,8.75739574432373,8.901748048268914,8.709278003752148,8.75739574432373,6301529
SOUTHBANK,2022-01-21,8.51680850982666,8.757396310468435,8.46869076614438,8.757396310468435,11803744
SOUTHBANK,2022-01-24,8.372454643249512,8.709277905688506,8.324336903219718,8.51680786333889,11917079
SOUTHBANK,2022-01-25,8.420572280883789,8.516807759773135,8.22810224087464,8.324336801994441,7391879
SOUTHBANK,2022-01-27,8.564925193786621,8.61304293667141,8.276220572017102,8.420572882901862,12005794
SOUTHBANK,2022-01-28,8.468689918518066,8.709277695079548,8.420572179651863,8.661159956213345,9879300
SOUTHBANK,2022-01-31,8.613041877746582,8.75739508865354,8.516807321578108,8.516807321578108,12129298
SOUTHBANK,2022-02-01,8.51680850982666,8.709278566786155,8.51680850982666,8.709278566786155,7675249
SOUTHBANK,2022-02-02,8.613041877746582,8.661159614715569,8.564924140777595,8.564924140777595,5492412
SOUTHBANK,2022-02-03,8.564925193786621,8.6611606795562,8.516808368671441,8.61304293667141,3375580
SOUTHBANK,2022-02-04,8.51680850982666,8.613043079421594,8.46869076614438,8.564925335739314,4502106
SOUTHBANK,2022-02-07,8.468689918518066,8.613042217347141,8.468689918518066,8.56492447848094,4833471
SOUTHBANK,2022-02-08,8.420572280883789,8.516807759773135,8.372454541439115,8.516807759773135,5573040
SOUTHBANK,2022-02-09,8.420572280883789,8.516807759773135,8.372454541439115,8.468690020328463,3212135
SOUTHBANK,2022-02-10,8.420572280883789,8.468690020328463,8.372454541439115,8.468690020328463,2919680
SOUTHBANK,2022-02-11,8.372454643249512,8.420572383279305,8.324336903219718,8.420572383279305,3150702
SOUTHBANK,2022-02-14,8.131866455078125,8.324336487823206,8.083748717449478,8.276219667964067,8729323
SOUTHBANK,2022-02-15,8.131866455078125,8.179984192706772,7.987514159961692,8.131866455078125,6352629
SOUTHBANK,2022-02-16,8.179985046386719,8.276220531687347,8.131867303736405,8.131867303736405,4331315
SOUTHBANK,2022-02-17,8.276220321655273,8.70927815897884,8.179984838796889,8.179984838796889,17419869
SOUTHBANK,2022-02-18,8.22810173034668,8.324336285495429,8.17998399388756,8.17998399388756,3190691
SOUTHBANK,2022-02-21,8.035632133483887,8.228102171879108,7.9393966554015085,8.179984432837918,7325684
SOUTHBANK,2022-02-22,7.8912787437438965,7.987514219721189,7.843161005755251,7.8912787437438965,5519346
SOUTHBANK,2022-02-23,7.939396381378174,8.083748675749975,7.939396381378174,7.939396381378174,2718730
SOUTHBANK,2022-02-24,7.410103797912598,7.795044815144041,7.361986514922264,7.795044815144041,11001781
SOUTHBANK,2022-02-25,7.746926784515381,7.843161346909069,7.458221261795204,7.458221261795204,5386986
SOUTHBANK,2022-02-28,7.795044422149658,7.843161243829343,7.6025739232375145,7.746926682700429,3656477
SOUTHBANK,2022-03-02,7.746926784515381,7.795044524597003,7.698809044433759,7.795044524597003,3356416
SOUTHBANK,2022-03-03,7.746926784515381,7.843161346909069,7.698809044433759,7.795044524597003,2625281
SOUTHBANK,2022-03-04,7.650691032409668,7.746926509152239,7.602573752923144,7.698808770780953,3705538
SOUTHBANK,2022-03-07,7.5544562339782715,7.65069125463132,7.506338953094136,7.65069125463132,4185288
SOUTHBANK,2022-03-08,7.602573871612549,7.698808890972755,7.506338852252344,7.506338852252344,5672106
SOUTHBANK,2022-03-09,7.650691032409668,7.795044247523525,7.650691032409668,7.650691032409668,4989165
SOUTHBANK,2022-03-10,7.746926784515381,7.891279086990691,7.698809044433759,7.746926784515381,5642679
SOUTHBANK,2022-03-11,7.698808670043945,7.746926407785622,7.650690932302268,7.746926407785622,4107125
SOUTHBANK,2022-03-14,7.650691032409668,7.746926509152239,7.650691032409668,7.746926509152239,3688436
SOUTHBANK,2022-03-15,7.602573871612549,7.698808890972755,7.554456132490062,7.650691151850268,4950915
SOUTHBANK,2022-03-16,7.650691032409668,7.795044247523525,7.602573752923144,7.650691032409668,3905865
SOUTHBANK,2022-03-17,7.746926784515381,7.795044524597003,7.6025740231552925,7.698809044433759,8901468
SOUTHBANK,2022-03-21,7.698808670043945,7.795044145527299,7.650690932302268,7.746926407785622,4469608
SOUTHBANK,2022-03-22,7.650691032409668,7.698808770780953,7.650691032409668,7.698808770780953,2916220
SOUTHBANK,2022-03-23,7.602573871612549,7.698808890972755,7.602573871612549,7.698808890972755,3592652
SOUTHBANK,2022-03-24,7.602573871612549,8.035632147060628,7.554456132490062,7.650691151850268,19244052
SOUTHBANK,2022-03-25,7.602573871612549,7.698808890972755,7.554456132490062,7.650691151850268,6277744
SOUTHBANK,2022-03-28,7.506339073181152,7.650691377027696,7.458221332642449,7.602574095373775,7360224
SOUTHBANK,2022-03-29,7.313868045806885,7.554455813490563,7.169515293419727,7.554455813490563,13890337
SOUTHBANK,2022-03-30,7.265750885009766,7.410103180844792,7.217633147141586,7.361985901861369,10628205
SOUTHBANK,2022-03-31,7.2176337242126465,7.361986490473859,7.2176337242126465,7.313868748758523,8194593
SOUTHBANK,2022-04-01,7.5544562339782715,7.602573973747183,7.217633432250217,7.265751172019129,7428202
SOUTHBANK,2022-04-04,7.746926784515381,7.746926784515381,7.6506913043521365,7.698809044433759,5311584
SOUTHBANK,2022-04-05,7.698808670043945,7.795044145527299,7.650690932302268,7.795044145527299,6808744
SOUTHBANK,2022-04-06,8.564925193786621,8.75739616532578,7.746927235823635,7.795044978708424,41889633
SOUTHBANK,2022-04-07,8.372454643249512,8.757395645718299,8.324336903219718,8.661160165658714,19475966
SOUTHBANK,2022-04-08,8.276220321655273,8.564924934691263,8.276220321655273,8.468690369602461,6585607
SOUTHBANK,2022-04-11,8.22810173034668,8.372454021954548,8.17998399388756,8.324336285495429,3752798
SOUTHBANK,2022-04-12,8.131866455078125,8.22810193033542,8.083748717449478,8.22810193033542,3909757
SOUTHBANK,2022-04-13,8.083748817443848,8.228102032115412,8.083748817443848,8.179984293891557,3306138
SOUTHBANK,2022-04-18,7.987514495849609,8.083749057384214,7.987514495849609,8.083749057384214,3230749
SOUTHBANK,2022-04-19,7.843161582946777,8.131867114355465,7.795044759186649,8.035632549065626,4355708
SOUTHBANK,2022-04-20,7.843161582946777,7.939397066006202,7.843161582946777,7.843161582946777,2246226
SOUTHBANK,2022-04-21,8.035632133483887,8.131866693796729,7.84316117731913,7.89127891636032,7526505
SOUTHBANK,2022-04-22,7.939396381378174,8.035631856139045,7.8912786439977385,7.987514118758609,2704266
SOUTHBANK,2022-04-25,7.795044422149658,7.939396722727801,7.795044422149658,7.939396722727801,2702174
SOUTHBANK,2022-04-26,7.843161582946777,7.891279324476489,7.795044759186649,7.891279324476489,2321573
SOUTHBANK,2022-04-27,7.746926784515381,7.843161346909069,7.698809044433759,7.746926784515381,3160382
SOUTHBANK,2022-04-28,7.746926784515381,7.795044524597003,7.698809044433759,7.795044524597003,2500060
SOUTHBANK,2022-04-29,7.650691032409668,7.795044247523525,7.650691032409668,7.795044247523525,4282454
SOUTHBANK,2022-05-02,7.602573871612549,7.698808890972755,7.602573871612549,7.698808890972755,2192163
SOUTHBANK,2022-05-04,7.602573871612549,7.650691151850268,7.554456132490062,7.650691151850268,2534530
SOUTHBANK,2022-05-05,7.602573871612549,7.746926630095242,7.554456132490062,7.602573871612549,5601441
SOUTHBANK,2022-05-06,7.506339073181152,7.5544563548350725,7.313868569911123,7.5544563548350725,5776360
SOUTHBANK,2022-05-09,7.746926784515381,8.179984609710868,7.458221261795204,7.55445628307367,21100480
SOUTHBANK,2022-05-10,7.602573871612549,7.843161190570679,7.602573871612549,7.795044369217729,3829961
SOUTHBANK,2022-05-11,7.458220958709717,7.650690993445096,7.361985941342027,7.650690993445096,4658186
SOUTHBANK,2022-05-12,7.36198616027832,7.45822118050792,7.313868420721135,7.45822118050792,4164973
SOUTHBANK,2022-05-13,7.602573871612549,8.22810218578104,7.554456132490062,7.987514407938141,14029932
SOUTHBANK,2022-05-16,7.698808670043945,7.795044145527299,7.650690932302268,7.650690932302268,4562538
SOUTHBANK,2022-05-17,7.795044422149658,7.891278983278571,7.746926682700429,7.795044422149658,4407653
SOUTHBANK,2022-05-18,7.698808670043945,7.8431609654994645,7.698808670043945,7.795044145527299,3639722
SOUTHBANK,2022-05-19,7.5544562339782715,7.65069125463132,7.5544562339782715,7.602573973747183,4810038
SOUTHBANK,2022-05-20,7.746926784515381,7.939396827072313,7.6025740231552925,7.6025740231552925,6701942
SOUTHBANK,2022-05-23,7.746926784515381,7.843161346909069,7.698809044433759,7.795044524597003,3296800
SOUTHBANK,2022-05-24,7.698808670043945,7.795044145527299,7.602573653445347,7.698808670043945,3492268
SOUTHBANK,2022-05-25,7.5544562339782715,7.746926734169143,7.506338953094136,7.746926734169143,3741605
SOUTHBANK,2022-05-26,7.602573871612549,7.650691151850268,7.3138683546471635,7.602573871612549,5342543
SOUTHBANK,2022-05-27,7.650691032409668,7.746926509152239,7.602573752923144,7.650691032409668,3335850
SOUTHBANK,2022-05-30,7.698808670043945,7.746926407785622,7.650690932302268,7.698808670043945,2667328
SOUTHBANK,2022-05-31,7.698808670043945,7.746926407785622,7.650690932302268,7.698808670043945,3090081
SOUTHBANK,2022-06-01,7.650691032409668,7.795044247523525,7.650691032409668,7.698808770780953,3448428
SOUTHBANK,2022-06-02,7.698808670043945,7.891278703241142,7.650690932302268,7.698808670043945,6135259
SOUTHBANK,2022-06-03,7.698808670043945,7.795044145527299,7.650690932302268,7.746926407785622,3370014
SOUTHBANK,2022-06-06,7.650691032409668,7.746926509152239,7.602573752923144,7.698808770780953,2644545
SOUTHBANK,2022-06-07,7.5544562339782715,7.698808994400231,7.5544562339782715,7.65069125463132,2909496
SOUTHBANK,2022-06-08,7.5544562339782715,7.698808994400231,7.5544562339782715,7.602573973747183,3906516
SOUTHBANK,2022-06-09,7.5544562339782715,7.65069125463132,7.5544562339782715,7.5544562339782715,1531895
SOUTHBANK,2022-06-10,7.506339073181152,7.602574095373775,7.506339073181152,7.5544563548350725,1955550
SOUTHBANK,2022-06-13,7.410103797912598,7.506339281662856,7.410103797912598,7.506339281662856,2495686
SOUTHBANK,2022-06-14,7.410103797912598,7.506339281662856,7.410103797912598,7.410103797912598,2665879
SOUTHBANK,2022-06-15,7.410103797912598,7.4582215397877265,7.361986514922264,7.410103797912598,1864738
SOUTHBANK,2022-06-16,7.313868045806885,7.554455813490563,7.2657507676009985,7.458220798194041,4242668
SOUTHBANK,2022-06-17,7.265750885009766,7.361985901861369,7.217633147141586,7.313868163993189,2476533
SOUTHBANK,2022-06-20,7.121398448944092,7.313868491259562,6.9770456877650995,7.313868491259562,3616237
SOUTHBANK,2022-06-21,7.2176337242126465,7.265751465927982,7.12139869966677,7.12139869966677,2175514
SOUTHBANK,2022-06-22,7.121398448944092,7.265751210123083,7.121398448944092,7.217633470101827,2053579
SOUTHBANK,2022-06-23,7.169515609741211,7.313868368497261,7.121398329412374,7.169515609741211,2570365
SOUTHBANK,2022-06-24,7.169515609741211,7.265751088168424,7.169515609741211,7.217633348954818,1609758
SOUTHBANK,2022-06-27,7.313868045806885,7.458220798194041,7.217633030510362,7.2657507676009985,4298727
SOUTHBANK,2022-06-28,7.313868045806885,7.36198578289752,7.2657507676009985,7.36198578289752,942897
SOUTHBANK,2022-06-29,7.36198616027832,7.45822118050792,7.265751140048722,7.313868420721135,2800128
SOUTHBANK,2022-06-30,7.313868045806885,7.458220798194041,7.2657507676009985,7.410103061103406,1317340
SOUTHBANK,2022-07-01,7.313868045806885,7.458220798194041,7.2657507676009985,7.36198578289752,1973873
SOUTHBANK,2022-07-04,7.313868045806885,7.410103061103406,7.2657507676009985,7.36198578289752,1479438
SOUTHBANK,2022-07-05,7.602573871612549,7.698808890972755,7.361986093769651,7.361986093769651,7912608
SOUTHBANK,2022-07-06,7.746926784515381,7.795044524597003,7.6025740231552925,7.6506913043521365,6917272
SOUTHBANK,2022-07-07,7.698808670043945,7.891278703241142,7.650690932302268,7.795044145527299,3965834
SOUTHBANK,2022-07-08,7.602573871612549,7.795044369217729,7.554456132490062,7.746926630095242,3115464
SOUTHBANK,2022-07-11,7.5544562339782715,7.65069125463132,7.506338953094136,7.65069125463132,2050702
SOUTHBANK,2022-07-12,7.5544562339782715,7.65069125463132,7.506338953094136,7.5544562339782715,2558813
SOUTHBANK,2022-07-13,7.458220958709717,7.602573714203631,7.458220958709717,7.602573714203631,1639690
SOUTHBANK,2022-07-14,7.458220958709717,7.506338696835941,7.410103220583492,7.506338696835941,1709952
SOUTHBANK,2022-07-15,7.458220958709717,7.506338696835941,7.410103220583492,7.458220958709717,919934
SOUTHBANK,2022-07-18,7.506339073181152,7.5544563548350725,7.506339073181152,7.506339073181152,1329527
SOUTHBANK,2022-07-19,7.5544562339782715,7.65069125463132,7.506338953094136,7.5544562339782715,2641465
SOUTHBANK,2022-07-20,7.602573871612549,7.698808890972755,7.602573871612549,7.650691151850268,2611598
SOUTHBANK,2022-07-21,7.650691032409668,7.843161068125287,7.602573752923144,7.602573752923144,7729240
SOUTHBANK,2022-07-22,7.650691032409668,7.891278806496572,7.650691032409668,7.698808770780953,4783932
SOUTHBANK,2022-07-25,7.5544562339782715,7.795044473938054,7.506338953094136,7.698808994400231,4963983
SOUTHBANK,2022-07-26,7.5544562339782715,7.746926734169143,7.5544562339782715,7.602573973747183,3864044
SOUTHBANK,2022-07-27,7.602573871612549,7.795044369217729,7.554456132490062,7.602573871612549,8698777
SOUTHBANK,2022-07-28,7.5544562339782715,7.698808994400231,7.5544562339782715,7.65069125463132,4610187
SOUTHBANK,2022-07-29,7.5544562339782715,7.65069125463132,7.506338953094136,7.602573973747183,4207304
SOUTHBANK,2022-08-01,7.602573871612549,7.698808890972755,7.554456132490062,7.650691151850268,5732384
SOUTHBANK,2022-08-02,7.939396381378174,8.179984150510846,7.554455858988948,7.602573596369384,33643033
SOUTHBANK,2022-08-03,7.746926784515381,8.035632307235558,7.698809044433759,7.939396827072313,8382221
SOUTHBANK,2022-08-04,7.795044422149658,7.987514462177029,7.650691203801972,7.746926682700429,17115184
SOUTHBANK,2022-08-05,7.795044422149658,7.939396722727801,7.746926682700429,7.795044422149658,8061447
SOUTHBANK,2022-08-08,7.698808670043945,7.8431609654994645,7.650690932302268,7.8431609654994645,5477775
SOUTHBANK,2022-08-10,7.602573871612549,7.746926630095242,7.554456132490062,7.698808890972755,4573232
SOUTHBANK,2022-08-11,7.5544562339782715,7.698808994400231,7.506338953094136,7.65069125463132,5928480
SOUTHBANK,2022-08-12,7.5544562339782715,7.65069125463132,7.506338953094136,7.602573973747183,7863389
SOUTHBANK,2022-08-16,7.5544562339782715,7.65069125463132,7.506338953094136,7.5544562339782715,4971672
SOUTHBANK,2022-08-17,7.650691032409668,7.795044247523525,7.5544560145518584,7.5544560145518584,10545044
SOUTHBANK,2022-08-18,7.746926784515381,7.795044524597003,7.6025740231552925,7.6506913043521365,8294711
SOUTHBANK,2022-08-19,7.650691032409668,7.891278806496572,7.602573752923144,7.795044247523525,7044628
SOUTHBANK,2022-08-22,7.650691032409668,7.746926509152239,7.602573752923144,7.650691032409668,8397303
SOUTHBANK,2022-08-23,7.602573871612549,7.843161190570679,7.554456132490062,7.650691151850268,7488301
SOUTHBANK,2022-08-24,7.602573871612549,7.650691151850268,7.554456132490062,7.602573871612549,6516907
SOUTHBANK,2022-08-25,7.939396381378174,8.179984150510846,7.602573596369384,7.602573596369384,43876134
SOUTHBANK,2022-08-26,8.035632133483887,8.372454471233139,7.9393966554015085,8.035632133483887,42001735
SOUTHBANK,2022-08-29,7.843161582946777,7.939397066006202,7.746927017656938,7.795044759186649,7808294
SOUTHBANK,2022-08-30,7.8912787437438965,8.035631957709835,7.843161005755251,7.8912787437438965,8650443
SOUTHBANK,2022-09-01,7.8912787437438965,8.035631957709835,7.843161005755251,7.843161005755251,6178700
SOUTHBANK,2022-09-02,7.843161582946777,8.083749372825753,7.795044759186649,7.939397066006202,9684567
SOUTHBANK,2022-09-05,8.131866455078125,8.613041995825583,7.891278684704396,7.891278684704396,33516589
SOUTHBANK,2022-09-06,8.083748817443848,8.276219770339265,8.035631996989514,8.228102032115412,11118414
SOUTHBANK,2022-09-07,8.324336051940918,8.420571522159094,8.03563147682532,8.03563147682532,21448940
SOUTHBANK,2022-09-08,8.372454643249512,8.805512467978536,8.324336903219718,8.420572383279305,29144328
SOUTHBANK,2022-09-09,8.372454643249512,8.51680786333889,8.228102340929688,8.51680786333889,14644946
SOUTHBANK,2022-09-12,8.324336051940918,8.516806992377267,8.276219234601292,8.46868925726818,9975995
SOUTHBANK,2022-09-13,8.276220321655273,8.420572628173268,8.276220321655273,8.420572628173268,8142203
SOUTHBANK,2022-09-14,8.372454643249512,8.420572383279305,8.08374912084031,8.131866860870103,15899398
SOUTHBANK,2022-09-15,10.008450508117676,10.008450508117676,9.431040431362508,9.623510456947564,255272468
SOUTHBANK,2022-09-16,9.815980911254883,10.3933919309985,9.527275401383074,10.297156455118058,134818334
SOUTHBANK,2022-09-19,10.05656909942627,10.345274621247553,9.719746755442733,9.96033453733221,68582896
SOUTHBANK,2022-09-20,9.960334777832031,10.297157129948399,9.912217036738385,10.297157129948399,32776350
SOUTHBANK,2022-09-21,9.767863273620605,10.008451048022783,9.719746452955789,10.008451048022783,19601816
SOUTHBANK,2022-09-22,9.719746589660645,9.864098889224406,9.575393372327346,9.767863411002207,24035846
SOUTHBANK,2022-09-23,9.43104076385498,9.815980828596201,9.33480528878492,9.767863091061171,21587142
SOUTHBANK,2022-09-26,9.094218254089355,9.286688302019954,8.613042675378072,9.286688302019954,39378762
SOUTHBANK,2022-09-27,9.094218254089355,9.334806043444997,8.901748206158759,9.190453736939446,17958938
SOUTHBANK,2022-09-28,8.9979829788208,9.23857074918746,8.949865241193567,8.9979829788208,9693824
SOUTHBANK,2022-09-29,8.949865341186523,9.190453114241164,8.757395306296715,9.142335376076332,12365092
SOUTHBANK,2022-09-30,9.142334938049316,9.190452673908736,8.853629440662285,8.949864912381122,8278304
SOUTHBANK,2022-10-03,8.949865341186523,9.190453114241164,8.85362986485686,9.142335376076332,8630219
SOUTHBANK,2022-10-04,9.286687850952148,9.382923329127943,9.190453290545893,9.190453290545893,24732603
SOUTHBANK,2022-10-06,9.62351131439209,9.81598135712602,9.334805791406415,9.382923531532288,28553318
SOUTHBANK,2022-10-07,9.575393676757812,9.719746898680533,9.479159113245565,9.671629158039627,11629248
SOUTHBANK,2022-10-10,9.527276039123535,9.671629262606968,9.38292373340968,9.38292373340968,10796884
SOUTHBANK,2022-10-11,9.479158401489258,9.719746168859345,9.43104066446134,9.527275220747676,10595087
SOUTHBANK,2022-10-12,9.43104076385498,9.575393058690562,9.38292302631995,9.47915850139001,8947164
SOUTHBANK,2022-10-13,9.334805488586426,9.623511002206527,9.19045319066114,9.431040965716303,11496842
SOUTHBANK,2022-10-14,9.286687850952148,9.671628845885786,9.238571029633789,9.575393367709992,7691739
SOUTHBANK,2022-10-17,9.38292407989502,9.479159565771019,9.238571768850633,9.238571768850633,10993437
SOUTHBANK,2022-10-18,9.575393676757812,9.671629158039627,9.479159113245565,9.479159113245565,17475735
SOUTHBANK,2022-10-19,9.767863273620605,9.864098750489287,9.671628714521448,9.671628714521448,20194007
SOUTHBANK,2022-10-20,10.104686737060547,10.585862295968191,9.623511178152901,9.767863478717377,68586076
SOUTHBANK,2022-10-21,10.730215072631836,10.922686038950458,10.345274975533764,10.489627282503145,103840377
SOUTHBANK,2022-10-24,11.403861045837402,11.59633108470931,11.115155528644772,11.163273267805133,43515245
SOUTHBANK,2022-10-25,12.654916763305664,13.376680097739893,11.548213350947663,11.644448829313376,275194690
SOUTHBANK,2022-10-27,13.376680374145508,13.617268157261574,12.799270245328682,12.991740288267623,155615494
SOUTHBANK,2022-10-28,12.799269676208496,13.328562959082703,12.414328689677475,13.328562959082703,59031746
SOUTHBANK,2022-10-31,13.184209823608398,13.472915335786295,12.703034275901745,12.895504311430502,58104027
SOUTHBANK,2022-11-01,13.232327461242676,14.098443073416208,12.895504213303237,13.232327461242676,107394998
SOUTHBANK,2022-11-02,13.232327461242676,13.713503005287864,13.184209723284253,13.32856293715952,40745198
SOUTHBANK,2022-11-03,14.19467830657959,14.339030600216667,13.136091760676024,13.232327234947075,65188961
SOUTHBANK,2022-11-04,14.290913581848145,14.77208911096398,13.954090344359264,14.290913581848145,88190601
SOUTHBANK,2022-11-07,14.579618453979492,14.916441698142117,14.435266159492372,14.435266159492372,53952252
SOUTHBANK,2022-11-09,14.339031219482422,14.772089954635343,14.050326619739861,14.723972215421735,51221857
SOUTHBANK,2022-11-10,13.809739112854004,14.24279693874858,13.47291584950847,14.24279693874858,52709789
SOUTHBANK,2022-11-11,13.857854843139648,14.387148107640497,13.713502551807366,14.1465603435737,31132854
SOUTHBANK,2022-11-14,13.665386199951172,13.954091729635476,13.472916152751495,13.761621682435798,24910613
SOUTHBANK,2022-11-15,13.424798965454102,13.713504507051208,13.280446653540357,13.665386763823422,21081556
SOUTHBANK,2022-11-16,13.905973434448242,14.435266731490122,13.232327837199279,13.424797876731905,69525060
SOUTHBANK,2022-11-17,13.857854843139648,14.098442607206444,13.713502551807366,13.905972579506905,22530233
SOUTHBANK,2022-11-18,14.002209663391113,14.339032021179051,13.905974179583366,13.954091921487239,30126887
SOUTHBANK,2022-11-21,14.339031219482422,14.483384437123242,13.76162110222776,14.050326619739861,57110719
SOUTHBANK,2022-11-22,14.146561622619629,14.868324980077464,14.050327058953659,14.435267149156678,59808394
SOUTHBANK,2022-11-23,14.290913581848145,14.627735901567537,14.19467810891718,14.19467810891718,29887064
SOUTHBANK,2022-11-24,14.339031219482422,14.579618997780916,14.242796658824748,14.387148958696029,32963643
SOUTHBANK,2022-11-25,15.541970252990723,15.782558033487604,14.290914528622578,14.339031350506316,101373347
SOUTHBANK,2022-11-28,15.638205528259277,16.119381082974947,15.59008870700334,15.782557827566164,50083369
SOUTHBANK,2022-11-29,16.841144561767578,17.0817323412214,15.493853363933988,15.830676622277158,93917698
SOUTHBANK,2022-11-30,16.21561622619629,17.418555088146473,16.071263929870074,17.274202791820258,102273890
SOUTHBANK,2022-12-01,16.167497634887695,16.696791837580573,15.926909861537943,16.408085408237447,45685540
SOUTHBANK,2022-12-02,16.119380950927734,16.311851905452944,15.83067635467898,16.215616428190337,35886221
SOUTHBANK,2022-12-05,17.32231903076172,17.562906795077854,16.16749702782868,16.26373250066293,76267058
SOUTHBANK,2022-12-06,17.659143447875977,17.995966707532506,17.129849229690258,17.322320188219447,78323080
SOUTHBANK,2022-12-07,17.32231903076172,17.947846850875877,17.17796673927983,17.70725908655974,60026575
SOUTHBANK,2022-12-08,17.418556213378906,17.70726082468155,17.177968425446984,17.32232073109831,42512303
SOUTHBANK,2022-12-09,17.466672897338867,18.38090721839884,16.696792716317205,17.61102520183804,87640093
SOUTHBANK,2022-12-12,17.803495407104492,17.995966361937462,17.081732079789447,17.322319855561126,49333029
SOUTHBANK,2022-12-13,18.81396484375,19.006435814057404,17.947849148445098,17.995967808791555,115557890
SOUTHBANK,2022-12-14,19.391374588012695,19.824433323707446,18.813963552266056,18.95831768785703,101521081
SOUTHBANK,2022-12-15,19.87255096435547,20.97925442442356,19.34325856383482,19.535727693324528,104164413
SOUTHBANK,2022-12-16,18.717729568481445,20.40184398801693,18.092199887079882,19.728197485987117,102823588
SOUTHBANK,2022-12-19,18.236553192138672,19.247021063771065,17.514789902247255,18.862081009603436,48023538
SOUTHBANK,2022-12-20,18.044082641601562,18.236553590660915,17.3223193359375,18.236553590660915,36745633
SOUTHBANK,2022-12-21,16.937379837036133,18.71772975069891,16.69679206047465,18.188435540940212,74183871
SOUTHBANK,2022-12-22,16.359970092773438,17.466673584882624,15.68632353120826,17.27420444982058,74048416
SOUTHBANK,2022-12-23,14.916441917419434,16.263733078336607,14.723971882684054,15.975028485118298,70942536
SOUTHBANK,2022-12-26,17.03361701965332,17.322321646207747,15.06079595306722,15.15703144043178,78485131
SOUTHBANK,2022-12-27,17.370437622070312,18.092200988674993,17.081733009644104,17.707260893593663,66733218
SOUTHBANK,2022-12-28,17.27420425415039,17.75537983966389,16.889262317308237,17.27420425415039,45810608
SOUTHBANK,2022-12-29,17.370437622070312,17.466673104725434,16.889262044333858,17.22608531585721,33572172
SOUTHBANK,2022-12-30,18.092201232910156,18.38090768477291,17.707261132632336,17.707261132632336,71521914
SOUTHBANK,2023-01-02,18.525259017944336,18.717729975723028,18.044083459036692,18.09220028071182,39595015
SOUTHBANK,2023-01-03,19.631961822509766,20.401843794014265,19.006433982595443,19.054550802766148,133198950
SOUTHBANK,2023-01-04,19.198904037475586,19.872548666091166,19.054549912628943,19.82443184816825,58896718
SOUTHBANK,2023-01-05,18.76584815979004,19.391376064675196,18.525260362869655,19.343259239506807,42804737
SOUTHBANK,2023-01-06,18.525259017944336,18.910199097962632,18.284671238490514,18.862082276287506,32389982
SOUTHBANK,2023-01-09,18.14031982421875,18.86208319784385,17.995967516601567,18.765847714252672,27923179
SOUTHBANK,2023-01-10,17.94784927368164,18.188437070475064,17.32232136912658,18.188437070475064,35531683
SOUTHBANK,2023-01-11,17.851612091064453,18.09219986499006,17.51479067599984,18.044083044420557,27218809
SOUTHBANK,2023-01-12,17.56290626525879,17.947846309444348,17.51478944806269,17.947846309444348,18825691
SOUTHBANK,2023-01-13,17.803495407104492,18.092200003814888,17.418555332977615,17.611024452271522,26446061
SOUTHBANK,2023-01-16,18.42902374267578,18.765847004740483,17.947848178451665,17.947848178451665,44045945
SOUTHBANK,2023-01-17,17.851612091064453,18.573375412841276,17.56290749656934,18.42902311559372,41984943
SOUTHBANK,2023-01-18,17.659143447875977,17.899731228267914,17.611024790474133,17.611024790474133,17976591
SOUTHBANK,2023-01-19,17.56290626525879,17.75537720512103,17.41855397813157,17.61102308245489,10975553
SOUTHBANK,2023-01-20,17.51479148864746,17.75537927373581,17.418556007504296,17.659143792592644,14324343
SOUTHBANK,2023-01-23,17.466672897338867,17.61102520183804,17.370437415826377,17.61102520183804,23853774
SOUTHBANK,2023-01-24,15.975028991699219,18.044083536812575,15.63820573190423,17.562907975830907,86688089
SOUTHBANK,2023-01-25,16.985496520996094,17.322319772570552,15.87879312485634,15.975028601811765,62546210
SOUTHBANK,2023-01-27,16.26373291015625,17.226083991651166,15.878792844666089,16.985496221277437,38005499
SOUTHBANK,2023-01-30,16.552440643310547,16.841145256346536,15.92691092250063,16.263734194735395,26334278
SOUTHBANK,2023-01-31,17.32231903076172,17.418554503595967,16.552438919165677,16.841143502129448,22017128
SOUTHBANK,2023-02-01,17.08173179626465,17.995966063238086,16.552439432567837,17.370436388183087,35921651
SOUTHBANK,2023-02-02,17.226083755493164,17.51479017730708,16.648672747404326,17.033614643156216,15276867
SOUTHBANK,2023-02-03,17.03361701965332,17.611026272762178,16.8411460449242,17.370438472120405,17184998
SOUTHBANK,2023-02-06,17.177967071533203,17.418554840502747,16.84114382786804,17.12984841641589,12487446
SOUTHBANK,2023-02-07,16.985496520996094,17.37043659327874,16.793027402624297,17.177967474906943,12448691
SOUTHBANK,2023-02-08,16.600557327270508,17.17796838402253,16.50432184522198,17.033616078719312,11728858
SOUTHBANK,2023-02-09,16.359970092773438,16.744910198436735,16.31185326789273,16.64867471313611,8233331
SOUTHBANK,2023-02-10,16.79302978515625,17.0817344214438,16.215618677041835,16.359970995185613,17883346
SOUTHBANK,2023-02-13,16.79302978515625,17.56291003894926,16.60055880393834,17.466674548340304,13991950
SOUTHBANK,2023-02-14,16.985496520996094,17.129848818659703,16.793027402624297,16.937379700287906,8834250
SOUTHBANK,2023-02-15,17.27420425415039,17.322321078486066,16.889262317308237,16.937380977183103,10426548
SOUTHBANK,2023-02-16,17.177967071533203,17.46667166008105,17.12984841641589,17.370436185385433,7181096
SOUTHBANK,2023-02-17,17.177967071533203,17.322319365807125,16.93737930256366,17.033614777259277,7683328
SOUTHBANK,2023-02-20,16.696792602539062,17.274203652140187,16.552440299023562,17.177968171283478,8290839
SOUTHBANK,2023-02-21,16.504322052001953,16.793028501764695,16.408086568747706,16.793028501764695,8675477
SOUTHBANK,2023-02-22,16.02314567565918,16.50432123249903,15.975028854190828,16.50432123249903,9890046
SOUTHBANK,2023-02-23,16.119380950927734,16.263733249052112,15.734440877416377,16.071264130065963,9099195
SOUTHBANK,2023-02-24,15.975028991699219,16.311852251494205,15.926910334277594,16.26373359407258,6243138
SOUTHBANK,2023-02-27,15.878792762756348,15.975028237517218,15.590088174012745,15.975028237517218,10854431
SOUTHBANK,2023-02-28,16.119380950927734,16.45620420357732,15.878793175540753,15.926909996402527,23082752
SOUTHBANK,2023-03-01,16.21561622619629,16.60055629491254,16.16749757039486,16.16749757039486,12218475
SOUTHBANK,2023-03-02,16.071264266967773,16.359968865675835,15.975028788885396,16.215616566321806,9718814
SOUTHBANK,2023-03-03,16.359970092773438,16.552441063374694,16.07126547241077,16.07126547241077,22180062
SOUTHBANK,2023-03-06,17.418556213378906,17.65914400131083,16.3118527559999,16.408086402741347,45920458
SOUTHBANK,2023-03-08,17.803495407104492,17.899730884520977,16.889261124956477,17.22608437814464,26373652
SOUTHBANK,2023-03-09,17.9959659576416,18.284670547865986,17.65914271202048,17.899730482387135,28025505
SOUTHBANK,2023-03-10,18.14031982421875,18.42902443945312,17.226085483411282,17.707261065828018,43532014
SOUTHBANK,2023-03-13,16.937379837036133,18.188435540940212,16.793027538207056,18.188435540940212,31663839
SOUTHBANK,2023-03-14,16.744909286499023,16.98549706887843,16.552440161918963,16.937380246618194,19485048
SOUTHBANK,2023-03-15,16.696792602539062,17.32232047479898,16.600557121682353,17.22608499394227,15805294
SOUTHBANK,2023-03-16,16.600557327270508,16.744909632573727,16.167498575821703,16.600557327270508,18844901
SOUTHBANK,2023-03-17,17.08173179626465,17.226084092223868,16.648673072847963,16.79302720434621,16895232
SOUTHBANK,2023-03-20,16.79302978515625,17.0817344214438,16.504323313329387,16.985498930834847,13845841
SOUTHBANK,2023-03-21,16.696792602539062,16.985497209570063,16.359969337310147,16.937380386911272,13802101
SOUTHBANK,2023-03-22,16.600557327270508,17.033616078719312,16.50432184522198,16.744909632573727,12182545
SOUTHBANK,2023-03-23,16.552440643310547,16.937380739204922,16.359969677593778,16.648674290629767,14823212
SOUTHBANK,2023-03-24,16.21561622619629,16.69679177097636,16.071263929870074,16.648673115174933,11010442
SOUTHBANK,2023-03-27,16.02314567565918,16.600556710974818,15.926910197183394,16.263733454079105,11625225
SOUTHBANK,2023-03-28,15.926910400390625,16.263733661583775,15.878793578308363,16.263733661583775,10880187
SOUTHBANK,2023-03-29,13.857854843139648,14.435265844007754,13.232327023673774,14.435265844007754,156250255
SOUTHBANK,2023-03-31,14.098443984985352,14.627737301211708,13.85785619740697,14.050327161685336,63853838
SOUTHBANK,2023-04-03,14.820207595825195,15.012678563325712,14.146561962882156,14.194679704757286,59224119
SOUTHBANK,2023-04-05,14.72397232055664,15.060794661917852,14.531502280097444,14.964560100573026,31071198
SOUTHBANK,2023-04-06,14.820207595825195,15.012678563325712,14.579619804219139,14.627737546094268,15423780
SOUTHBANK,2023-04-10,14.675854682922363,15.012677944392337,14.579619203139641,15.012677944392337,11978388
SOUTHBANK,2023-04-11,14.62773609161377,14.964559333478718,14.531501535201997,14.772089302885675,15005882
SOUTHBANK,2023-04-12,14.675854682922363,14.820206984826894,14.579619203139641,14.675854682922363,9593299
SOUTHBANK,2023-04-13,14.820207595825195,14.916443079575453,14.627737546094268,14.723973029844528,14700152
SOUTHBANK,2023-04-17,15.253265380859375,15.445734500529646,14.627736611968096,14.8202066494079,38325902
SOUTHBANK,2023-04-18,14.868324279785156,15.493853044114859,14.820206541333715,15.397617567211974,29066173
SOUTHBANK,2023-04-19,15.012678146362305,15.493853716210204,14.916442665284897,14.964560405823601,33299592
SOUTHBANK,2023-04-20,14.916441917419434,15.157029690281037,14.868324179293209,15.108911952154813,15338102
SOUTHBANK,2023-04-21,14.72397232055664,15.060794661917852,14.675854580999454,15.060794661917852,9390872
SOUTHBANK,2023-04-24,15.012678146362305,15.108912709670145,14.675854880360948,14.868324924746195,19694929
SOUTHBANK,2023-04-25,15.108912467956543,15.34950024903155,15.012677906188271,15.060794728187632,18062107
SOUTHBANK,2023-04-26,15.060794830322266,15.157030310512708,14.916442527806158,15.108912570417488,18047998
SOUTHBANK,2023-04-27,15.15703010559082,15.349500145599968,15.060794626701473,15.060794626701473,15323399
SOUTHBANK,2023-04-28,15.830676078796387,16.263732965622598,15.205147323029664,15.30138188084565,63326639
SOUTHBANK,2023-05-02,16.071264266967773,16.215616566321806,15.78255783272064,15.975028788885396,26675759
SOUTHBANK,2023-05-03,15.782557487487793,16.1193807356388,15.734440667268665,16.07126391541967,21538554
SOUTHBANK,2023-05-04,15.878792762756348,16.07126371227809,15.734440468384546,15.830675943145417,12671101
SOUTHBANK,2023-05-05,15.638205528259277,16.07126426171901,15.59008870700334,15.92691012687305,18514544
SOUTHBANK,2023-05-08,15.734440803527832,16.071264054595705,15.638205326717147,15.78255762416365,15438331
SOUTHBANK,2023-05-09,15.638205528259277,16.07126426171901,15.493853228952391,15.878793305617112,13618751
SOUTHBANK,2023-05-10,15.493853569030762,15.686322693818138,15.349500348785895,15.638205871506072,11206373
SOUTHBANK,2023-05-11,15.686323165893555,15.878794132012404,15.590089518373299,15.638206342133428,16167189
SOUTHBANK,2023-05-12,16.985496520996094,17.514790726481404,16.84114422333248,16.985496520996094,142390166
SOUTHBANK,2023-05-15,16.408084869384766,17.177966820143947,16.35996805051062,17.12984816573082,43098373
SOUTHBANK,2023-05-16,16.600557327270508,16.93738059667078,16.50432184522198,16.552440504015816,33042396
SOUTHBANK,2023-05-17,16.26373291015625,16.744908450903708,16.167497434898955,16.648672975646413,29189198
SOUTHBANK,2023-05-18,16.359970092773438,16.600557888255402,16.31185326789273,16.359970092773438,25358772
SOUTHBANK,2023-05-19,16.02314567565918,16.45620441103068,15.878793375715041,16.408085754023244,27143499
SOUTHBANK,2023-05-22,16.119380950927734,16.215616428190337,15.975028652803358,16.071264130065963,19935578
SOUTHBANK,2023-05-23,16.26373291015625,16.552439335928135,16.119380615039816,16.119380615039816,25917331
SOUTHBANK,2023-05-24,16.071264266967773,16.359968865675835,15.975028788885396,16.359968865675835,16267764
SOUTHBANK,2023-05-25,16.119380950927734,16.215616428190337,15.975028652803358,16.119380950927734,14722252
SOUTHBANK,2023-05-26,16.311853408813477,16.40808705940627,16.119382436549436,16.119382436549436,11910153
SOUTHBANK,2023-05-29,16.504322052001953,16.648674359113738,16.31185292103263,16.504322052001953,24348630
SOUTHBANK,2023-05-30,16.45620346069336,16.60055575230123,16.35996798777512,16.552438933611597,10779464
SOUTHBANK,2023-05-31,16.600557327270508,16.793028291367566,16.263734057870234,16.35996953991876,19062092
SOUTHBANK,2023-06-01,18.18843650817871,18.380907473878892,16.841145254894947,16.889262078550413,121159125
SOUTHBANK,2023-06-02,18.332788467407227,18.862082695286745,18.188436163636133,18.284671644663238,80858503
SOUTHBANK,2023-06-05,18.092201232910156,18.429024508980444,17.94784892474837,18.38090768477291,22555246
SOUTHBANK,2023-06-06,17.94784927368164,18.092201584649853,17.851613787856426,18.044084759506855,14769319
SOUTHBANK,2023-06-07,17.75537872314453,18.236554278400057,17.611024588136615,17.9478478439233,20760728
SOUTHBANK,2023-06-08,17.611024856567383,17.995966775070425,17.514791212480727,17.755378993775576,17086790
SOUTHBANK,2023-06-09,17.370437622070312,17.65914407003568,17.22608531585721,17.611025410938538,22716091
SOUTHBANK,2023-06-12,17.94784927368164,18.092201584649853,17.03361674719016,17.418556854951795,31314204
SOUTHBANK,2023-06-13,17.466672897338867,18.23655491389967,17.418556074352193,18.140319432387177,22834869
SOUTHBANK,2023-06-14,17.466672897338867,17.803496164863024,17.418556074352193,17.61102520183804,13226146
SOUTHBANK,2023-06-15,17.27420425415039,17.659144355453353,17.226085594275528,17.562908871242815,13970691
SOUTHBANK,2023-06-16,17.27420425415039,17.562908871242815,17.177968769939852,17.370437902821738,25843356
SOUTHBANK,2023-06-19,17.418556213378906,17.80349630696215,17.32232073109831,17.418556213378906,17198963
SOUTHBANK,2023-06-20,17.466672897338867,17.514791555864683,17.081732806828036,17.418556074352193,22870760
SOUTHBANK,2023-06-21,17.56290626525879,17.995964962179368,17.51478944806269,17.51478944806269,31560258
SOUTHBANK,2023-06-22,17.418556213378906,17.70726082468155,17.274203907727586,17.562908519030227,14394008
SOUTHBANK,2023-06-23,17.27420425415039,17.514792046907143,17.12985011006499,17.466673387032277,10629117
SOUTHBANK,2023-06-26,17.226083755493164,17.370436048630626,17.033614643156216,17.27420241023165,14429470
SOUTHBANK,2023-06-27,17.226083755493164,17.418554703369107,17.12984828155519,17.322319229431137,11371705
SOUTHBANK,2023-06-28,17.129850387573242,17.37043818422758,17.081733562458062,17.3223213591124,14896318
SOUTHBANK,2023-06-30,18.573375701904297,18.765846658255885,17.226084514060407,17.226084514060407,127405917
SOUTHBANK,2023-07-03,19.728199005126953,19.92066997353899,18.76584783414515,18.76584783414515,157220182
SOUTHBANK,2023-07-04,18.958316802978516,20.016901510975703,18.813962674125264,19.824432398403033,68563790
SOUTHBANK,2023-07-05,19.583845138549805,19.728197435604958,18.813963161690573,19.150786411845296,54014822
SOUTHBANK,2023-07-06,19.583845138549805,19.968785209209898,19.391374185450236,19.583845138549805,38146716
SOUTHBANK,2023-07-07,20.883020401000977,21.027372704400886,19.48761051854391,19.680081480103205,127052463
SOUTHBANK,2023-07-10,20.54619598388672,21.12360700064639,20.353725033120487,21.12360700064639,58395814
SOUTHBANK,2023-07-11,20.401844024658203,20.834900917707373,20.305608547689815,20.54619632234126,26933511
SOUTHBANK,2023-07-12,22.037839889526367,22.470898620051397,20.498077757762893,20.498077757762893,143712248
SOUTHBANK,2023-07-13,21.508548736572266,22.8077231662652,21.027373157837044,22.182193445478077,97631485
SOUTHBANK,2023-07-14,21.60478401184082,21.701017658231887,20.834901991938263,21.652900835036352,34001009
SOUTHBANK,2023-07-17,21.364194869995117,21.845370413593756,21.027371622368264,21.70101628208294,39970178
SOUTHBANK,2023-07-18,21.89348793029785,22.037840230862326,21.219841413611512,21.50854785027955,54130867
SOUTHBANK,2023-07-19,21.941606521606445,22.182194320464145,21.460430923891046,21.989725182701527,82131252
SOUTHBANK,2023-07-20,21.027372360229492,22.71148682192116,20.016902581891035,22.037840303028855,110496822
SOUTHBANK,2023-07-21,19.824434280395508,20.44996216783316,19.535727830820242,20.1131388944316,103149068
SOUTHBANK,2023-07-24,19.824434280395508,20.161257553797064,19.535727830820242,19.968786587413554,38640803
SOUTHBANK,2023-07-25,19.43949317932129,20.065021034456972,19.295139044218452,19.968785556234774,22686054
SOUTHBANK,2023-07-26,19.391374588012695,19.631962366612207,18.910199030813676,19.583845545107938,38611946
SOUTHBANK,2023-07-27,19.24702262878418,19.583845891895727,19.05455166828069,19.535727234000298,23925898
SOUTHBANK,2023-07-28,19.05455207824707,19.391375348605507,18.958318431463937,19.295139866283215,18975826
SOUTHBANK,2023-07-31,18.81396484375,19.198906784364805,18.76584801894275,19.15078812401835,27004745
SOUTHBANK,2023-08-01,19.43949317932129,19.535726822004413,18.91019896686873,18.958317623749366,35565938
SOUTHBANK,2023-08-02,19.10266876220703,19.487608816159174,18.8139623450887,19.487608816159174,27606857
SOUTHBANK,2023-08-03,18.910198211669922,19.198904634806723,18.765845917871022,19.10266916042779,22831591
SOUTHBANK,2023-08-04,18.86208152770996,19.58384483742688,18.813962872405423,19.006433822545542,43465900
SOUTHBANK,2023-08-07,18.958316802978516,19.150785915551186,18.813962674125264,19.006433622236933,14644356
SOUTHBANK,2023-08-08,19.53572654724121,19.680080680313758,18.958317357107223,19.054550998436856,38251128
SOUTHBANK,2023-08-09,19.487611770629883,19.680082744555506,19.150788484029665,19.680082744555506,23819828
SOUTHBANK,2023-08-10,19.631961822509766,19.968785070321797,19.39137405057818,19.48760952645862,34981144
SOUTHBANK,2023-08-11,20.257490158081055,20.690548892369534,19.487610003278284,19.728197781096533,67830137
SOUTHBANK,2023-08-14,20.401844024658203,20.49807766608754,19.487609746767088,20.305608547689815,52827666
SOUTHBANK,2023-08-16,20.35372543334961,20.834900984187843,20.01690218065503,20.209373135205947,37675562
SOUTHBANK,2023-08-17,20.573680877685547,21.1099609052533,20.329916890650814,20.573680877685547,40724690
SOUTHBANK,2023-08-18,21.84125328063965,22.86506316146799,21.499983320363533,21.890007194834332,211644270
SOUTHBANK,2023-08-21,21.79250144958496,22.182523468281733,21.548737455428018,22.036265443741904,48296623
SOUTHBANK,2023-08-22,22.962566375732422,23.25508427018953,21.743746464923447,21.841252429742486,120759925
SOUTHBANK,2023-08-23,24.035127639770508,24.376397577814217,22.67004974736722,23.157577698923504,134844859
SOUTHBANK,2023-08-24,23.40134048461914,24.717666258833255,23.15757652123769,24.327644289377226,86336334
SOUTHBANK,2023-08-25,22.767555236816406,23.840117079920528,22.621297226341184,23.303835228482715,56314046
SOUTHBANK,2023-08-28,22.523792266845703,23.15757824691214,22.377534249872156,22.96256631776635,30890845
SOUTHBANK,2023-08-29,22.71880340576172,22.816309374924938,22.32878138888051,22.670051351065947,28900693
SOUTHBANK,2023-08-30,22.62129783630371,23.10882579088119,22.523791873433904,22.767555850722644,28228899
SOUTHBANK,2023-08-31,22.6700496673584,22.86506159120128,22.280027679444174,22.81630768035479,23190748
SOUTHBANK,2023-09-01,22.6700496673584,22.81630768035479,22.280027679444174,22.76755562927984,31591143
SOUTHBANK,2023-09-04,23.596355438232422,23.9863774579198,22.621299459128135,22.81630953908598,69276340
SOUTHBANK,2023-09-05,23.40134048461914,23.93762046014975,23.10882447246998,23.693856496768298,37367028
SOUTHBANK,2023-09-06,23.255084991455078,23.547601035213095,23.157579023611856,23.547601035213095,22716948
SOUTHBANK,2023-09-07,23.49884796142578,23.645105976957804,23.157578018670016,23.352589945893758,24932381
SOUTHBANK,2023-09-08,23.352588653564453,23.791362675878823,23.303834744570768,23.596352619218482,34312610
SOUTHBANK,2023-09-11,23.54759979248047,23.888869732035285,23.3525897268574,23.498847741017588,38290779
SOUTHBANK,2023-09-12,22.280027389526367,23.742611220001557,21.987509507568422,23.693857309789475,54723600
SOUTHBANK,2023-09-13,22.913814544677734,23.011320510439194,21.69499462208849,22.426286575642038,49355680
SOUTHBANK,2023-09-14,23.352588653564453,23.498846661002577,22.71880085504681,23.108824687910424,40603082
SOUTHBANK,2023-09-15,23.98637580871582,24.3763978015869,23.255083874668212,23.498847852684083,92215012
SOUTHBANK,2023-09-18,24.912677764892578,25.838981623609858,23.986375765946857,24.13263378054128,151124892
SOUTHBANK,2023-09-20,25.15644073486328,26.033992506823672,24.37639678175569,24.57140869991833,85269766
SOUTHBANK,2023-09-21,25.05893898010254,26.42401695564515,24.91267909791054,25.05893898010254,140417097
SOUTHBANK,2023-09-22,26.131498336791992,26.326510267870045,24.863926364099484,25.302702279139297,106601397
SOUTHBANK,2023-09-25,25.546464920043945,26.814036826096256,25.400205049538943,26.326508883803598,76920633
SOUTHBANK,2023-09-26,25.40020751953125,25.93648942406574,25.010185499724514,25.741477484276526,39317936
SOUTHBANK,2023-09-27,25.985240936279297,26.42401686175288,25.400206988905072,25.54646687057737,71608968
SOUTHBANK,2023-09-28,25.741474151611328,26.57027199875618,25.595216145590815,26.180250029444323,62248380
SOUTHBANK,2023-09-29,26.472766876220703,26.716530847198374,25.79022887334613,25.936486883978432,56561052
SOUTHBANK,2023-10-03,26.375261306762695,26.814037204933864,26.131497332172387,26.619025281353004,50489806
SOUTHBANK,2023-10-04,25.79022979736328,26.911543732080908,25.54646581765199,26.277757756785864,81690542
SOUTHBANK,2023-10-05,25.79022979736328,26.0827458291082,25.058937858229406,25.93648781323574,41239637
SOUTHBANK,2023-10-06,26.033992767333984,26.180250777533757,25.49771091690614,25.936486807276967,39517252
SOUTHBANK,2023-10-09,25.107690811157227,25.54646673428999,24.9126788764823,25.351454799615063,43329755
SOUTHBANK,2023-10-10,25.643970489501953,25.741476455499665,25.25394848528273,25.351454451280443,25181977
SOUTHBANK,2023-10-11,25.83898162841797,26.082745606044554,25.400205724781493,25.790229576801273,28929143
SOUTHBANK,2023-10-12,25.79022979736328,26.0827458291082,25.497711905846785,25.93648781323574,25742353
SOUTHBANK,2023-10-13,25.546464920043945,25.8877329918316,25.497711009951775,25.692722930777443,16260310
SOUTHBANK,2023-10-16,25.79022979736328,25.98523986526937,25.497711905846785,25.741475885558078,23683424
SOUTHBANK,2023-10-17,25.741474151611328,26.424013992735663,25.546464096841127,25.98523811490267,25021384
SOUTHBANK,2023-10-18,25.35145378112793,25.936487701877503,25.058937750638925,25.887733790281626,29247496
SOUTHBANK,2023-10-19,25.546464920043945,25.83898094151094,24.86392505692562,25.351452999218278,49556035
SOUTHBANK,2023-10-20,25.35145378112793,26.229003732366508,25.107689802463238,25.69272372321281,52885895
SOUTHBANK,2023-10-23,23.54759979248047,25.546465518574923,23.206329852925656,25.44895955587761,46446666
SOUTHBANK,2023-10-25,23.596355438232422,24.522657502518484,22.962567563997286,23.645107493278964,43081724
SOUTHBANK,2023-10-26,23.157577514648438,23.450093539345914,22.475037643992295,22.962565591669104,44148120
SOUTHBANK,2023-10-27,23.645105361938477,24.327645229696856,23.401341389134984,23.401341389134984,35902653
SOUTHBANK,2023-10-30,23.645105361938477,24.035127346469753,23.157577416331495,23.693857412590564,26351304
SOUTHBANK,2023-10-31,23.645105361938477,24.083881256893363,23.450093439787075,23.986375295817666,24381104
SOUTHBANK,2023-11-01,23.54759979248047,23.791363769337973,23.303835815622968,23.64510575517778,23790253
SOUTHBANK,2023-11-02,23.888870239257812,24.083882168793043,23.64510625722457,23.8401181867598,20861071
SOUTHBANK,2023-11-03,24.42514991760254,24.717667807854834,24.03512792370438,24.083881835298875,26503287
SOUTHBANK,2023-11-06,23.98637580871582,24.863925757618638,22.523791940620608,24.668913831297317,25208441
SOUTHBANK,2023-11-07,24.13263511657715,24.42515116196033,23.840119071193968,24.18138717088379,27577707
SOUTHBANK,2023-11-08,24.083881378173828,24.571409326235877,23.93762150593799,24.27889144153573,20607109
SOUTHBANK,2023-11-09,23.840118408203125,24.181386498402322,23.693858529807343,24.181386498402322,13797400
SOUTHBANK,2023-11-10,23.888870239257812,23.98637620402543,23.596354204726556,23.8401181867598,12431210
SOUTHBANK,2023-11-13,24.86392593383789,25.058937861541327,23.888870014863855,24.181386046647436,37050634
SOUTHBANK,2023-11-15,24.86392593383789,25.497711909216697,24.76641996998617,25.1076899135814,30773113
SOUTHBANK,2023-11-16,24.81517219543457,24.961430201387113,24.620160280983548,24.961430201387113,17743416
SOUTHBANK,2023-11-17,24.327646255493164,24.668914343990696,24.132634325118914,24.473904273388047,21504385
SOUTHBANK,2023-11-20,24.27889060974121,24.473902526193537,24.181384651515046,24.27889060974121,14016622
SOUTHBANK,2023-11-21,24.13263511657715,24.522657130345273,23.986377093885558,24.376399107653686,14319321
SOUTHBANK,2023-11-22,23.98637580871582,24.18138587526558,23.645105867539293,24.13263382357103,15831118
SOUTHBANK,2023-11-23,23.840118408203125,24.13263444545147,23.742612442529808,23.986376426827295,10721361
SOUTHBANK,2023-11-24,23.840118408203125,24.13263444545147,23.693858529807343,23.840118408203125,12513240
SOUTHBANK,2023-11-28,23.742610931396484,24.035126950027216,23.596352922081117,23.986374900179257,14706325
SOUTHBANK,2023-11-29,23.937620162963867,24.035126119060198,23.74261011054263,23.888868114801415,12955497
SOUTHBANK,2023-11-30,24.13263511657715,24.27889313926874,23.693859188730716,23.840119071193968,23220650
SOUTHBANK,2023-12-01,24.327646255493164,24.71766825647006,23.98637630722403,24.23014029030604,28745955
SOUTHBANK,2023-12-04,24.81517219543457,25.010182250114145,24.473902275031005,24.863924244161602,30724861
SOUTHBANK,2023-12-05,25.05893898010254,25.40020707915945,24.7664210754902,24.96143301189843,38630806
SOUTHBANK,2023-12-06,24.47390365600586,25.25394763828215,24.376397693278435,25.156441675554724,27791429
SOUTHBANK,2023-12-07,24.27889060974121,24.668912582874395,24.181384651515046,24.5714084844197,21102866
SOUTHBANK,2023-12-08,24.327646255493164,24.668914343990696,24.23014029030604,24.425150360908688,18429176
SOUTHBANK,2023-12-11,24.9614315032959,25.05893746560701,24.37639758920077,24.425149640470554,29602637
SOUTHBANK,2023-12-12,26.22900390625,27.204059827372838,25.058937916765544,25.107689968913053,140000970
SOUTHBANK,2023-12-13,26.521522521972656,27.20406056951574,26.326510588519415,26.47276860872353,65738405
SOUTHBANK,2023-12-14,26.472766876220703,26.814036807543744,26.1802508549561,26.716530847198374,37188173
SOUTHBANK,2023-12-15,26.375261306762695,26.619025281353004,26.326509255753248,26.52152117933411,25807892
SOUTHBANK,2023-12-18,27.10655403137207,27.789093924298566,26.180252016425072,26.521521962888322,67297219
SOUTHBANK,2023-12-19,26.960294723510742,27.545328623757232,26.66777870327325,27.301564653635488,30850352
SOUTHBANK,2023-12-20,25.253948211669922,27.350318088935378,24.91267826426122,27.10655410646796,42602144
SOUTHBANK,2023-12-21,26.22900390625,26.3265098703166,24.230140011856815,25.058937916765544,34484476
SOUTHBANK,2023-12-22,25.985240936279297,26.521522829610525,25.69272489247801,26.277758839852236,24246471
SOUTHBANK,2023-12-26,25.448959350585938,26.08274531334851,25.35145338867519,26.08274531334851,25192458
SOUTHBANK,2023-12-27,25.985240936279297,26.326510893895232,25.643970978663365,25.790230860335658,27492353
SOUTHBANK,2023-12-28,26.033992767333984,26.765284678104358,25.936486807276967,26.42401474779055,33785556
SOUTHBANK,2023-12-29,26.033992767333984,26.229002827676517,25.83898084721995,26.1314968676195,16484070
SOUTHBANK,2024-01-01,26.180252075195312,26.375262145203795,25.93648809285601,26.03399405774605,16170722
SOUTHBANK,2024-01-02,26.375261306762695,26.814037204933864,26.08274528116294,26.570273230343556,39801891
SOUTHBANK,2024-01-03,26.27775764465332,26.667779638572767,26.180251681230565,26.47276771172726,22574283
SOUTHBANK,2024-01-04,26.27775764465332,26.52152162332442,26.22900373305616,26.375261748304506,14439651
SOUTHBANK,2024-01-05,26.424015045166016,26.716531068857538,26.131497161702974,26.472767095857428,17689422
SOUTHBANK,2024-01-08,26.033992767333984,26.521520707847568,25.936486807276967,26.472766797933307,53920732
SOUTHBANK,2024-01-09,26.082744598388672,26.326508566597912,25.936486589417427,26.180250557626664,12565729
SOUTHBANK,2024-01-10,25.643970489501953,26.08274640660584,25.44896041727815,26.08274640660584,20286933
SOUTHBANK,2024-01-11,25.83898162841797,25.98523964303961,25.595217650791383,25.790229576801273,15161915
SOUTHBANK,2024-01-12,26.521522521972656,26.960296582585002,25.79023056118045,25.88773466813544,54781817
SOUTHBANK,2024-01-15,27.15530776977539,27.740341694285995,26.765285773358848,26.8627898776343,51240074
SOUTHBANK,2024-01-16,28.91040802001953,29.15417200308845,27.25281405101384,27.64283605196979,144532113
SOUTHBANK,2024-01-17,27.691587448120117,28.5691373944076,27.447823470830727,28.276621365568957,68663963
SOUTHBANK,2024-01-18,29.982969284057617,31.153037121978247,26.472767630067292,27.594081556541152,277548327
SOUTHBANK,2024-01-19,29.982969284057617,31.0067772474095,29.83671126926043,30.56800320301793,90073870
SOUTHBANK,2024-01-23,29.982969284057617,31.445553151572625,29.64169934301647,30.470497239895952,94313456
SOUTHBANK,2024-01-24,33.8831901550293,34.419470118610406,30.080472782965902,30.22673078578153,210289648
SOUTHBANK,2024-01-25,32.908138275146484,34.12695821126302,32.371858247163864,34.07820615772702,97855133
SOUTHBANK,2024-01-29,32.908138275146484,33.7856901169677,32.371858247163864,33.151902262369795,62896221
SOUTHBANK,2024-01-30,33.1031494140625,33.834441358174885,32.85938543269171,33.15190146642802,52864594
SOUTHBANK,2024-01-31,33.834442138671875,35.004510020151585,32.908138244186134,33.29816211119379,117628005
SOUTHBANK,2024-02-01,36.46709442138672,37.05212651004377,33.59067859314571,34.02945451941015,136087493
SOUTHBANK,2024-02-02,37.73466491699219,39.14849674748922,36.808361047387706,37.05212502783398,140272048
SOUTHBANK,2024-02-05,36.515846252441406,38.80722625848396,36.07707032885746,37.73466619598389,62703638
SOUTHBANK,2024-02-06,36.028316497802734,37.783416386018864,35.83330457254692,36.710856376426534,39062763
SOUTHBANK,2024-02-07,36.028316497802734,36.85711253071107,35.93080867540328,36.27208047448673,32584526
SOUTHBANK,2024-02-08,36.07706832885742,38.70972000487185,35.97956422659666,36.36958435518279,59927703
SOUTHBANK,2024-02-09,34.66323471069336,36.515842312821164,34.12695473730148,36.32083039898515,38800763
SOUTHBANK,2024-02-12,32.079341888427734,34.95575393351658,31.34804993400652,34.85824982741104,28382011
SOUTHBANK,2024-02-13,32.7131233215332,33.10314715290258,30.7142595547367,32.46935935681307,28707310
SOUTHBANK,2024-02-14,33.15190124511719,33.54192510052406,31.786821470736278,32.32310520180651,25187547
SOUTHBANK,2024-02-15,33.639427185058594,33.83443910105447,32.46935940862623,33.395663219949476,39443943
SOUTHBANK,2024-02-16,33.639427185058594,34.61448304549507,33.298159121722996,34.078203066163596,24705683
SOUTHBANK,2024-02-19,30.095006942749023,31.304183894330016,29.9606551879766,31.08025996357575,22254098
SOUTHBANK,2024-02-20,29.960655212402344,30.63241770635519,29.826303457520385,30.229360581937787,19248001
SOUTHBANK,2024-02-21,29.154539108276367,30.54284925453708,28.79626528217405,30.13979213005774,24869042
SOUTHBANK,2024-02-22,31.97594451904297,32.15508143187058,29.602381353962897,29.915870021525453,72750866
SOUTHBANK,2024-02-23,32.51335525512695,33.229902906384524,32.0655148328625,32.602925571305676,55460059
SOUTHBANK,2024-02-26,33.22990417480469,33.409041094456924,32.06551605683674,32.961200655097926,71754298
SOUTHBANK,2024-02-27,31.884326934814453,32.85938278163115,31.348046962973847,32.566866771494716,84684854
SOUTHBANK,2024-02-28,30.470497131347656,31.88432894215081,30.080475140020717,31.786821119604635,51692862
SOUTHBANK,2024-02-29,31.543058395385742,32.07934214183214,29.83671234802892,30.470498341579447,35173906
SOUTHBANK,2024-03-01,31.494304656982422,32.07934042556691,31.34804850449359,32.03058465519425,15636943
SOUTHBANK,2024-03-04,30.61675453186035,31.494304459696917,30.47049652051618,31.396800358648477,16438617
SOUTHBANK,2024-03-05,31.299293518066406,31.591813269456846,29.982969514982017,30.51924952662591,36496051
SOUTHBANK,2024-03-06,29.495441436767578,30.372991388551803,29.251677457951317,30.22673337321636,46477257
SOUTHBANK,2024-03-07,29.056665420532227,29.836711265641895,28.861655354083478,29.495441324642137,28999458
SOUTHBANK,2024-03-11,27.740341186523438,29.349183054650478,27.496577210753536,29.25167709238821,32603251
SOUTHBANK,2024-03-12,27.009048461914062,27.984104336210287,26.81403654314622,27.740340367636232,43545117
SOUTHBANK,2024-03-13,25.595218658447266,27.740342489921023,25.40020672475997,27.15530854863076,52546112
SOUTHBANK,2024-03-14,26.570274353027344,27.10655437587705,24.62016247390607,25.35145442857655,62263075
SOUTHBANK,2024-03-15,29.00791358947754,29.98296950845157,25.741475888960206,26.66777975589417,63367924
SOUTHBANK,2024-03-18,28.325374603271484,29.885464495208193,28.130364529136667,29.690454421073376,37256170
SOUTHBANK,2024-03-19,27.447824478149414,28.422880423090934,27.350318511700937,28.276622403304028,24059228
SOUTHBANK,2024-03-20,27.057802200317383,27.789094151677315,26.862790269379428,27.594082220739356,24110207
SOUTHBANK,2024-03-21,27.54532814025879,28.0816081212048,27.399070132707283,27.54532814025879,18916227
SOUTHBANK,2024-03-22,28.227869033813477,28.666643072715914,27.30156518540021,27.545329160269855,26150382
SOUTHBANK,2024-03-26,27.691587448120117,28.276621365568957,27.59408148525005,28.03285738827957,16828853
SOUTHBANK,2024-03-27,27.057802200317383,27.837846204526,26.91154418199972,27.789094151677315,21033799
SOUTHBANK,2024-03-28,26.570274353027344,27.39907227360821,26.2290044022268,26.619026406096733,47401730
SOUTHBANK,2024-04-01,28.569137573242188,28.715397448348607,27.057801648496078,27.106553700350506,45663526
SOUTHBANK,2024-04-02,27.4965763092041,27.789092326628438,26.570272487741224,26.765284405871775,82228094
SOUTHBANK,2024-04-03,28.374128341674805,28.569138414607163,27.301566431346167,27.496578364050148,64180273
SOUTHBANK,2024-04-04,28.764148712158203,28.959160633776357,28.227868717365556,28.617890700830348,57789668
SOUTHBANK,2024-04-05,28.715396881103516,29.202924829103427,28.520384957994935,28.764148931994892,38505684
SOUTHBANK,2024-04-08,27.837844848632812,28.95916060725292,27.740340747684556,28.95916060725292,37393909
SOUTHBANK,2024-04-09,28.179115295410156,28.812901261995187,27.984105230184056,28.471633182906626,45913167
SOUTHBANK,2024-04-10,28.08160972595215,28.4228796695888,27.935351710042603,28.4228796695888,20863122
SOUTHBANK,2024-04-12,27.64283561706543,28.276621591118953,27.545329653417603,28.0816096638233,30053563
SOUTHBANK,2024-04-15,27.057802200317383,27.25281413125534,26.229004283488475,26.81403821653074,31542437
SOUTHBANK,2024-04-16,26.862791061401367,27.252814934776737,26.52152296185541,26.667780984485344,18325816
SOUTHBANK,2024-04-18,26.911542892456055,27.447822887180635,26.814036931659352,27.009048853252754,29158796
SOUTHBANK,2024-04-19,26.71653175354004,27.20405971203446,26.229003795045617,26.326509758698815,26696838
SOUTHBANK,2024-04-22,28.179115295410156,28.325373309272617,27.252813301100204,27.740341253822773,41539344
SOUTHBANK,2024-04-23,28.08160972595215,28.56913768549834,27.935351710042603,28.471633581406362,29212389
SOUTHBANK,2024-04-24,28.374128341674805,28.95916228001512,28.08161044261884,28.276622375322816,43687083
SOUTHBANK,2024-04-25,29.641698837280273,29.73920479873864,28.276620956177723,28.37412691763609,63808471
SOUTHBANK,2024-04-26,29.690452575683594,30.03172064915115,29.34918264244452,29.885462637697696,55306075
SOUTHBANK,2024-04-29,30.27548599243164,30.665509853663934,29.836711938202715,30.27548599243164,55199913
SOUTHBANK,2024-04-30,29.982969284057617,31.0067772474095,29.83671126926043,30.616755254693143,49743458
SOUTHBANK,2024-05-02,28.471633911132812,30.372991859519416,27.93535203355844,30.177981789305495,85636336
SOUTHBANK,2024-05-03,28.08160972595215,28.520385633452353,27.642835678223516,28.471633581406362,54088138
SOUTHBANK,2024-05-06,27.350317001342773,28.47163276392074,27.20405898963263,28.47163276392074,37998689
SOUTHBANK,2024-05-07,26.960294723510742,27.69158663387598,26.765284663276248,27.496576573641484,35366645
SOUTHBANK,2024-05-08,27.009048461914062,27.301564480294335,26.7165305837623,26.862788592952437,24985419
SOUTHBANK,2024-05-09,26.472766876220703,27.252812699212154,26.375260915875334,27.252812699212154,24975079
SOUTHBANK,2024-05-10,26.570274353027344,26.814038337917506,25.887734451426255,26.521522299957958,24962493
SOUTHBANK,2024-05-13,26.375261306762695,26.765285153924417,25.741475344782202,26.765285153924417,26844635
SOUTHBANK,2024-05-14,27.15530776977539,27.301565785960147,26.42401582908003,26.472767881217756,18070537
SOUTHBANK,2024-05-15,26.960294723510742,27.496576573641484,26.862788763507744,27.252812603519736,15729240
SOUTHBANK,2024-05-16,26.960294723510742,27.301564653635488,26.814036713391996,27.155306643516738,15506172
SOUTHBANK,2024-05-17,27.204059600830078,27.252813512343167,26.81403760758318,27.106553637575463,13575721
SOUTHBANK,2024-05-21,27.54532814025879,27.8378441553618,27.057800208572793,27.350316223675804,21696839
SOUTHBANK,2024-05-22,27.399072647094727,27.789094656281186,27.155308658881733,27.691588689041662,13981802
SOUTHBANK,2024-05-23,27.2528133392334,27.642835330002878,27.15530737659814,27.39907135330051,18732747
SOUTHBANK,2024-05-24,26.960294723510742,27.350316703751236,26.814036713391996,27.252812603519736,16665399
SOUTHBANK,2024-05-27,27.057802200317383,27.496578115041984,26.716532251061764,27.057802200317383,25762877
SOUTHBANK,2024-05-28,26.76528549194336,27.301565498906104,26.61902561752483,27.0578015212373,21743521
SOUTHBANK,2024-05-29,26.375261306762695,26.862789255943312,26.326509255753248,26.765285153924417,18977810
SOUTHBANK,2024-05-30,25.887733459472656,26.52152128371919,25.838981408271327,26.326509359370785,18489333
SOUTHBANK,2024-05-31,26.27775764465332,26.47276771172726,25.692723723888363,26.082745717807814,17595609
SOUTHBANK,2024-06-03,27.057802200317383,27.545330167890672,26.716532251061764,27.20406021863505,32058956
SOUTHBANK,2024-06-04,24.668914794921875,27.204060637269855,23.69385884477047,27.05780261670147,64439836
SOUTHBANK,2024-06-05,25.887733459472656,25.985239421646856,24.62016153052268,25.10768948162214,27464354
SOUTHBANK,2024-06-06,26.521522521972656,26.716532595654268,26.1802525683153,26.277758535041922,20831502
SOUTHBANK,2024-06-07,26.911542892456055,27.009048853252754,26.37526103795996,26.57027295955336,15949505
SOUTHBANK,2024-06-10,26.862791061401367,27.155308966432894,26.677531767296895,27.057802998089052,18299464
SOUTHBANK,2024-06-11,26.570274353027344,26.911544303827892,26.42401633404757,26.90179352125969,16644872
SOUTHBANK,2024-06-12,26.736034393310547,27.301566773513898,26.443518350360126,26.570274806366204,34748533
SOUTHBANK,2024-06-13,27.145557403564453,27.447824222949908,26.921294984658203,27.106554273439052,25906206
SOUTHBANK,2024-06-14,27.018798828125,27.252813887062345,26.931045505737977,27.252813887062345,15382743
SOUTHBANK,2024-06-18,27.009048461914062,27.243061648572578,26.9017917206146,27.20405852091041,15753328
SOUTHBANK,2024-06-19,27.223560333251953,27.964603027654277,26.911542748192343,27.00904870846635,45619371
SOUTHBANK,2024-06-20,27.808595657348633,28.101111693359382,27.252814073065245,27.379570526064143,50716755
SOUTHBANK,2024-06-21,27.057802200317383,28.130364100932933,26.882291834427544,28.032858135463957,33693761
SOUTHBANK,2024-06-24,26.882291793823242,27.18455861252607,26.609277322648403,27.174809689788344,20434899
SOUTHBANK,2024-06-25,26.74578285217285,27.057800433482,26.619024547408834,26.96029447438002,13776390
SOUTHBANK,2024-06-26,26.58002281188965,26.862788042560805,26.52151998136656,26.765283944946134,13553591
SOUTHBANK,2024-06-27,26.326509475708008,26.65802863270235,26.229003513102928,26.580024234572598,16497979
SOUTHBANK,2024-06-28,26.268007278442383,26.706781331137996,26.229004148546814,26.472768131079352,14502285
SOUTHBANK,2024-07-01,26.375261306762695,26.541020883874967,26.22900329396282,26.326509255753248,11743893
SOUTHBANK,2024-07-02,25.9169864654541,26.784785645363385,25.751226883472054,26.619026063381337,32278984
SOUTHBANK,2024-07-03,26.10224723815918,26.29725730490225,25.955989223158987,26.229003688553597,13514360
SOUTHBANK,2024-07-04,26.121747970581055,26.3752608632935,25.99498966445333,26.326508813103764,14061989
SOUTHBANK,2024-07-05,26.394763946533203,26.6482787136092,25.936488325148677,26.190003092224675,24398521
SOUTHBANK,2024-07-08,25.95598793029785,26.589773870244343,25.87798353553169,26.394761953443204,18635503
SOUTHBANK,2024-07-09,26.02424430847168,26.7067823702563,25.85848471950925,26.121750277232817,25484858
SOUTHBANK,2024-07-10,25.653718948364258,26.268005176667632,25.448958112110766,26.258254394973925,21578098
SOUTHBANK,2024-07-11,25.946237564086914,26.10224635611818,25.65371968419966,25.838980822151104,17506049
SOUTHBANK,2024-07-12,25.799978256225586,26.131497411455964,25.673221807353517,26.01449174476968,13764119
SOUTHBANK,2024-07-15,25.897485733032227,26.102248451366922,25.380707265360734,25.790230842258477,29710695
SOUTHBANK,2024-07-16,26.14124870300293,26.41426503020988,25.88773394054753,26.12174899802296,21245490
SOUTHBANK,2024-07-18,25.848731994628906,26.472767172181463,25.77072759743484,26.32650915991402,22701521
SOUTHBANK,2024-07-19,26.53127098083496,27.48682720631778,26.32651012808467,27.05780207608702,105016909
SOUTHBANK,2024-07-22,26.258255004882812,26.56052180532277,26.141247481612012,26.56052180532277,17810936
SOUTHBANK,2024-07-23,26.01449203491211,26.36551275842902,25.253947753882656,26.287506500072766,24314102
SOUTHBANK,2024-07-24,26.511770248413086,26.697029529026672,26.04374200639956,26.219252364683193,21134986
SOUTHBANK,2024-07-25,26.072994232177734,26.37526103684031,25.994989835497986,26.326508986329788,16522662
SOUTHBANK,2024-07-26,26.22900390625,26.472767886530708,25.985239925969292,26.121749019571162,14038758
SOUTHBANK,2024-07-29,26.463016510009766,27.087053550162423,26.39476289462702,26.472767292174662,26930093
SOUTHBANK,2024-07-30,26.50201988220215,26.970046271788785,26.472767535438653,26.61902554971303,30780153
SOUTHBANK,2024-07-31,26.092496871948242,26.78478568854901,26.043742959656335,26.71653207111193,23128878
SOUTHBANK,2024-08-01,25.87798500061035,26.297257483858353,25.848732653502623,26.28750670148911,16332325
SOUTHBANK,2024-08-02,25.673221588134766,25.819479600129522,25.478209665627404,25.819479600129522,17854887
SOUTHBANK,2024-08-05,24.493404388427734,25.2051947305457,24.376396865175437,25.2051947305457,33269372
SOUTHBANK,2024-08-06,24.395898818969727,25.195444351364404,24.376397254820706,25.01018321149174,18739636
SOUTHBANK,2024-08-07,24.43490219116211,24.795673719892704,24.239892112197516,24.766421371150763,17973650
SOUTHBANK,2024-08-08,24.30814552307129,24.53240794884269,24.220390337374365,24.483655894465137,15908411
SOUTHBANK,2024-08-09,24.36664581298828,24.542156166034268,24.278890636465288,24.493404116753258,14403903
SOUTHBANK,2024-08-12,24.22039031982422,24.376399125445335,24.064381514203102,24.35689755979978,13370888
SOUTHBANK,2024-08-13,23.918123245239258,24.327646820722787,23.888870897071993,24.278892907110677,13824675
SOUTHBANK,2024-08-14,23.46959686279297,24.035129250097437,23.41109402542262,24.035129250097437,13830312
SOUTHBANK,2024-08-16,24.356895446777344,24.493404534682057,23.53784835843506,23.645105100409154,14117662
SOUTHBANK,2024-08-19,24.990680694580078,25.058936166499432,24.571408239989882,24.600658725326728,16043280
SOUTHBANK,2024-08-20,25.168272018432617,25.28666346227815,24.961084169005833,25.257066542215803,11929681
SOUTHBANK,2024-08-21,25.622108459472656,25.799697503134293,25.1386726638371,25.168271465046715,14551080
SOUTHBANK,2024-08-22,26.53965187072754,26.628446396819264,25.720770482613503,25.898359534796953,24200641
SOUTHBANK,2024-08-23,25.97728729248047,26.67777722016489,25.898359035453865,26.638312150752547,12861133
SOUTHBANK,2024-08-26,25.306396484375,26.23380492742235,25.19787130572556,26.095680946342274,14922346
SOUTHBANK,2024-08-27,25.326128005981445,25.43465506208662,25.158405229181646,25.30639547181723,8428067
SOUTHBANK,2024-08-28,25.31626319885254,25.50371852062684,25.25706747474418,25.32612946650362,7707127
SOUTHBANK,2024-08-29,25.26693344116211,25.434656225634647,25.158406380092195,25.395191155500818,10057140
SOUTHBANK,2024-08-30,25.286663055419922,25.49385090151309,25.207734800193485,25.3162618568041,8086137
SOUTHBANK,2024-09-02,25.05974578857422,25.35572817156964,24.9808175294684,25.345861903956646,8584555
SOUTHBANK,2024-09-03,25.128807067871094,25.306396116275522,24.842692842395795,25.306396116275522,9875152
SOUTHBANK,2024-09-04,25.00054931640625,25.276799155907288,24.921621059662822,25.040012503878927,8306348
SOUTHBANK,2024-09-05,24.961084365844727,25.18800475163458,24.911754910819763,25.06961142505735,7580778
SOUTHBANK,2024-09-06,24.665103912353516,24.990683208724658,24.566443120344484,24.961084406582522,9384350
SOUTHBANK,2024-09-09,24.418453216552734,24.68483679418304,24.201400976519587,24.665104259144176,8941435
SOUTHBANK,2024-09-10,24.526979446411133,24.7736304806452,24.37898732043225,24.457917457913283,8955367
SOUTHBANK,2024-09-11,24.507247924804688,24.704569513065493,24.41845339826714,24.526980459990394,8942860
SOUTHBANK,2024-09-12,24.556577682495117,24.665104745550952,24.30006036732561,24.596042753351114,7132799
SOUTHBANK,2024-09-13,24.99068260192871,25.24719990220449,24.58617505813176,24.615773859555212,14558541
SOUTHBANK,2024-09-16,24.79336166381836,25.09921030770865,24.744032208635073,24.9906832481477,8860883
SOUTHBANK,2024-09-17,24.68483543395996,24.842691941976174,24.57630837902456,24.793360607097352,8177297
SOUTHBANK,2024-09-18,24.566442489624023,24.773630335703444,24.467781700148016,24.615773825261048,6806658
SOUTHBANK,2024-09-19,24.28032875061035,24.852559082737546,24.092873435076143,24.665103767203338,11729048
SOUTHBANK,2024-09-20,24.22113037109375,24.50724646889471,24.16193465085142,24.2803279731341,11567012
SOUTHBANK,2024-09-23,24.911754608154297,25.049878585984526,24.1718015009814,24.309925478811625,18276796
SOUTHBANK,2024-09-24,24.615774154663086,25.10907622684633,24.576309085625354,24.961084099752902,10091810
SOUTHBANK,2024-09-25,24.517112731933594,24.64537043940422,24.41845194368033,24.615773520186856,7168773
SOUTHBANK,2024-09-26,24.467782974243164,25.01041640371839,24.388854714911986,24.556577501215507,10117713
SOUTHBANK,2024-09-27,24.428319931030273,24.66510471043467,24.36912420662871,24.50724819083174,9332598
SOUTHBANK,2024-09-30,24.250730514526367,24.517114093059686,24.171802255901472,24.517114093059686,8760764
SOUTHBANK,2024-10-01,24.201400756835938,24.4677824502501,24.17180195454632,24.270462747046945,8553986
SOUTHBANK,2024-10-03,24.013944625854492,24.36912271410677,23.89555130250439,24.270461924948023,13328511
SOUTHBANK,2024-10-04,23.708099365234375,24.08300812947619,23.510777774497743,24.073141861759545,11391795
SOUTHBANK,2024-10-07,22.89908218383789,23.87582198097622,22.74122566510401,23.767294918672373,14915604
SOUTHBANK,2024-10-08,23.540376663208008,23.70809945140431,22.691896454474,22.889218045927823,12266122
SOUTHBANK,2024-10-09,23.619304656982422,23.856089434976962,23.579839586417595,23.678500381031522,6445392
SOUTHBANK,2024-10-10,23.25425910949707,23.816623164117203,23.145732052711416,23.658766653409728,12432694
SOUTHBANK,2024-10-11,23.540376663208008,23.609438655677398,23.185198551310393,23.254260543779782,7357318
SOUTHBANK,2024-10-14,23.609437942504883,23.75742819072581,23.471313961738428,23.639034863070208,7753594
SOUTHBANK,2024-10-15,23.629169464111328,23.81662289231339,23.55024120965835,23.61930319707995,5852538
SOUTHBANK,2024-10-16,25.178138732910156,25.326128981244572,23.64890114865959,23.767294476405986,51397303
SOUTHBANK,2024-10-17,24.85256004333496,25.937825027399022,24.75389924809311,25.60237945265562,43561940
SOUTHBANK,2024-10-18,24.665103912353516,24.921621218857762,24.280328893496186,24.921621218857762,17460277
SOUTHBANK,2024-10-21,24.5861759185791,24.76376496973884,24.13233702319331,24.66510417667253,17115149
SOUTHBANK,2024-10-22,23.392383575439453,24.605908114370404,23.28385839818078,24.586175579669526,17255357
SOUTHBANK,2024-10-23,23.402250289916992,23.66863386807419,22.61296770478247,23.402250289916992,14309627
SOUTHBANK,2024-10-24,23.372652053833008,23.708097604087953,23.234526197858727,23.333186985898067,7951983
SOUTHBANK,2024-10-25,22.208459854125977,23.42198251856825,22.1097990618254,23.372653063317006,28029868
SOUTHBANK,2024-10-28,23.540376663208008,23.678500648146787,22.159129286627582,22.238059428647638,18418150
SOUTHBANK,2024-10-29,23.885684967041016,24.17180106660263,23.27399146324409,23.678499004018903,12942140
SOUTHBANK,2024-10-30,24.5861759185791,24.734166167279515,23.77716080267194,23.875821595738252,13782057
SOUTHBANK,2024-10-31,24.171802520751953,24.763765407823875,24.102740528923224,24.586176353522486,10312793
SOUTHBANK,2024-11-01,24.49738121032715,24.61577453748351,24.39872041799653,24.55657693300628,2006167
SOUTHBANK,2024-11-04,23.875822067260742,24.43818615250728,23.678500477231225,24.349391625173812,11581232
SOUTHBANK,2024-11-05,23.757427215576172,24.0238107805187,23.639033892780148,23.875820538372192,13508201
SOUTHBANK,2024-11-06,24.004079818725586,24.07314181079776,23.71796558274113,23.905419023566132,8204213
SOUTHBANK,2024-11-07,24.063274383544922,24.32965795309956,23.935016673276795,24.07314065076525,10285463
SOUTHBANK,2024-11-08,23.66863250732422,24.0731400441746,23.589704253348486,24.063273777202884,7883581
SOUTHBANK,2024-11-11,23.4713134765625,23.796892768637733,23.25425936064697,23.668633176178904,8003466
SOUTHBANK,2024-11-12,22.99774169921875,23.66863280741768,22.88921652474989,23.530508831658384,6370436
SOUTHBANK,2024-11-13,22.32685089111328,23.106269066055205,22.198593180726895,22.76095724021762,13027858
SOUTHBANK,2024-11-14,22.1393985748291,22.682030127206055,22.099933503922625,22.445245347161666,13619916
SOUTHBANK,2024-11-18,22.49457359313965,22.632699452079002,21.97167460436298,22.386048417584934,9562348
SOUTHBANK,2024-11-19,22.622833251953125,22.958278810403392,22.46497673995277,22.49457365982905,9094207
SOUTHBANK,2024-11-21,22.1393985748291,22.662297591752818,21.981542054799508,22.662297591752818,11776581
SOUTHBANK,2024-11-22,22.129531860351562,22.47484369661945,22.090066790241806,22.198593851245516,11966737
SOUTHBANK,2024-11-25,22.524171829223633,22.908946831198655,22.445243575439065,22.691894603740593,12252968
SOUTHBANK,2024-11-26,22.81028938293457,22.908948295121256,22.543905803715013,22.612967794964945,8470693
SOUTHBANK,2024-11-27,23.11613655090332,23.185198543348992,22.6129681864872,22.88921803806806,7252163
SOUTHBANK,2024-11-28,23.708099365234375,23.777161357452748,23.04707448260426,23.283859262409322,13202977
SOUTHBANK,2024-11-29,23.944883346557617,24.043544138635927,23.510776990491916,23.678499772485612,14660113
SOUTHBANK,2024-12-02,23.540376663208008,23.816624633085564,23.510777859950487,23.678500648146787,9618610
SOUTHBANK,2024-12-03,24.053407669067383,24.211266059859273,23.540374955736322,23.55024122277319,21959091
SOUTHBANK,2024-12-04,25.069610595703125,25.17813765132545,24.03367702006502,24.30005870290469,30673970
SOUTHBANK,2024-12-05,25.31626319885254,25.65170877179681,24.78349791828102,25.355728269456872,27025562
SOUTHBANK,2024-12-06,25.947689056396484,26.421260490683803,25.118941398641333,25.40505751272738,40616312
SOUTHBANK,2024-12-09,25.9180908203125,26.23380383928488,25.819430031434123,25.997019075055594,14557107
SOUTHBANK,2024-12-10,25.66157341003418,26.006885228703528,25.513583168261036,25.91809070728004,17151324
SOUTHBANK,2024-12-11,25.740503311157227,25.927958633021095,25.562914256949156,25.65170878405319,9503667
SOUTHBANK,2024-12-12,25.582645416259766,25.839162716118906,25.168271605994697,25.740501926665694,11536410
SOUTHBANK,2024-12-13,25.631975173950195,25.72076969733093,24.99068285759895,25.503717463399173,11848538
SOUTHBANK,2024-12-16,25.493850708007812,25.91809078230407,25.385323652220947,25.65170721726251,9731374
SOUTHBANK,2024-12-17,25.178138732910156,25.49385176450307,25.15840619798607,25.49385176450307,7210977
SOUTHBANK,2024-12-18,25.128807067871094,25.23733412674004,24.80322777306233,25.178138404537922,11880978
SOUTHBANK,2024-12-19,24.882156372070312,25.020282234838643,24.418453091814488,24.55657707278471,14477513
SOUTHBANK,2024-12-20,24.674970626831055,25.2077359024563,24.507247841916083,24.872290332626356,15845615
SOUTHBANK,2024-12-23,24.655237197875977,24.7538979880959,24.369122976216065,24.635504663472382,10971247
SOUTHBANK,2024-12-24,24.47764778137207,24.635504290615575,24.369122607390928,24.467781514319597,5877593
SOUTHBANK,2024-12-26,24.59604263305664,24.783497955109503,23.688366707587708,24.467783035200103,6402320
SOUTHBANK,2024-12-27,24.63550567626953,24.744032738152935,24.487515425754605,24.566443684815773,5539220
SOUTHBANK,2024-12-30,24.47764778137207,24.714432545237326,24.319791272128565,24.48751404842454,9252785
SOUTHBANK,2024-12-31,24.68483543395996,24.74403115401654,24.309924816072947,24.398719337056818,6649555
SOUTHBANK,2025-01-01,24.813093185424805,24.862424520391855,24.586174689970427,24.665102944119692,4964334
SOUTHBANK,2025-01-02,25.602378845214844,25.849029886568367,24.91175517670574,24.931487711645566,27241722
SOUTHBANK,2025-01-03,26.598846435546875,26.71723975911135,25.602377920453556,25.631974839996143,34667612
SOUTHBANK,2025-01-06,25.434656143188477,26.88496359353943,24.901888988897447,26.786302800322783,33688538
SOUTHBANK,2025-01-07,25.178138732910156,25.750369073121835,25.079477940087845,25.434656041528925,11023977
SOUTHBANK,2025-01-08,25.582645416259766,25.779965113368153,25.0202813627139,25.306395582150376,16442247
SOUTHBANK,2025-01-09,25.602378845214844,25.77996601427897,25.089344227567974,25.582646310275017,13030579
SOUTHBANK,2025-01-10,25.178138732910156,25.53331495255313,24.734166106108805,25.306396446320488,20296932
SOUTHBANK,2025-01-13,25.158405303955078,25.3063955470305,24.655236972060212,24.665103239171646,20150924
SOUTHBANK,2025-01-14,25.207735061645508,25.405056642657215,24.78349686152704,25.158405607291613,13231677
SOUTHBANK,2025-01-15,25.681306838989258,25.997019867586292,25.11894088977795,25.19787102872529,13710617
SOUTHBANK,2025-01-16,26.322599411010742,26.638312442575796,25.7701016057719,25.94768877467866,16058783
SOUTHBANK,2025-01-17,26.293001174926758,26.411394505212662,26.01675320725655,26.3127337102741,10768266
SOUTHBANK,2025-01-20,26.648178100585938,26.73697262390762,26.223938018448592,26.302866274534747,14191077
SOUTHBANK,2025-01-21,25.45438575744629,26.884962496201936,25.128806470378887,26.6975071849213,25706235
SOUTHBANK,2025-01-22,26.43112564086914,26.638311605650024,25.41492270587297,25.65170747210743,43695022
SOUTHBANK,2025-01-23,25.55304718017578,26.421259888413253,25.454386388539966,26.421259888413253,13645934
SOUTHBANK,2025-01-24,25.493850708007812,26.075947291558766,25.365591118114605,25.66157348431568,15747613
SOUTHBANK,2025-01-27,24.22113037109375,25.43465486774863,24.053407595575468,25.43465486774863,17266627
SOUTHBANK,2025-01-28,25.760234832763672,26.371928348966893,23.579838693386083,24.566442838563727,29858170
SOUTHBANK,2025-01-29,26.243671417236328,26.480456193293126,25.41492376013848,25.48398575126361,21655387
SOUTHBANK,2025-01-30,25.533313751220703,26.26340245467656,25.4445211118362,26.204204852689532,9722617
SOUTHBANK,2025-01-31,25.533313751220703,25.770100395572776,25.316261522662327,25.414922310842684,11195955
SOUTHBANK,2025-02-01,25.237333297729492,25.750367891423593,24.911754013615546,25.63197456911033,8133941
SOUTHBANK,2025-02-03,24.931488037109375,25.25706734067432,24.862426045716525,24.91175550191195,5908392
SOUTHBANK,2025-02-04,25.395191192626953,25.582646512440455,25.158406416872165,25.158406416872165,10509639
SOUTHBANK,2025-02-05,25.335994720458984,25.839163059743573,25.276798998719052,25.395190442198917,10850229
SOUTHBANK,2025-02-06,25.997020721435547,26.510055350654937,25.237335045298927,25.444522903244433,19959256
SOUTHBANK,2025-02-07,25.335994720458984,26.006885839505102,25.257066464206385,25.898358781483505,11027829
SOUTHBANK,2025-02-10,24.85256004333496,25.454387318893765,24.724300444981107,25.405057862171915,7064939
SOUTHBANK,2025-02-11,24.13233757019043,24.961085239855336,24.073141845728124,24.95122085394341,7669489
SOUTHBANK,2025-02-12,24.862424850463867,25.01041509373369,23.540375164563763,24.19153374038942,16948178
SOUTHBANK,2025-02-13,24.59604263305664,25.12880791441985,24.428319846335267,24.82296114397434,7427637
SOUTHBANK,2025-02-14,23.796892166137695,24.793360669837366,23.698231377928394,24.596040975216784,9582697
SOUTHBANK,2025-02-17,23.678499221801758,24.004078510829608,23.293724211622852,23.678499221801758,9859532
SOUTHBANK,2025-02-18,23.589704513549805,23.826489278088808,23.33318721484971,23.70809783671832,9906830
SOUTHBANK,2025-02-19,23.856088638305664,24.004078884385365,23.43184855289193,23.579838798971632,6520696
SOUTHBANK,2025-02-20,23.944883346557617,24.023811603860647,23.579838980407306,23.68836603987325,7141296
SOUTHBANK,2025-02-21,23.71796417236328,24.309925144523028,23.678499103927013,23.94488267047772,8432080
SOUTHBANK,2025-02-24,23.540376663208008,23.89555289330746,23.491045324445473,23.717965719156815,8097924
SOUTHBANK,2025-02-25,23.5798397064209,23.80675821792907,23.530510249761953,23.54037651745337,6871701
SOUTHBANK,2025-02-27,24.240863800048828,24.418452849130194,23.5897052079492,23.5897052079492,16285786
SOUTHBANK,2025-02-28,23.481178283691406,24.152069414390834,23.283858580531522,24.152069414390834,9535809
SOUTHBANK,2025-03-03,23.343053817749023,23.76729389932555,22.987875724931826,23.530509131380107,13160779
SOUTHBANK,2025-03-04,23.20492935180664,23.678498877729712,23.135867364500946,23.20492935180664,6371499
SOUTHBANK,2025-03-05,24.161935806274414,24.23099779682601,23.24439363055038,23.24439363055038,10510384
SOUTHBANK,2025-03-06,24.94135284423828,25.217600793633654,24.221130406090875,24.270461741195778,16701199
SOUTHBANK,2025-03-07,25.158405303955078,25.483984591440223,24.714432692930774,24.872289203117628,19138372
SOUTHBANK,2025-03-10,24.102739334106445,25.44452156071512,24.02381107852935,24.882155622705508,13673703
SOUTHBANK,2025-03-11,23.639034271240234,24.004078630724127,23.579838549793514,23.925150374862483,12310661
SOUTHBANK,2025-03-12,23.609437942504883,23.875821518381418,23.579839140141456,23.777160725634765,5089450
SOUTHBANK,2025-03-13,23.46144676208496,23.767293513829017,23.43184796089759,23.767293513829017,4013647
SOUTHBANK,2025-03-17,23.24439239501953,23.648899931147525,23.185196675092946,23.53050849129436,7135220
SOUTHBANK,2025-03-18,23.24439239501953,23.24439239501953,23.24439239501953,23.24439239501953,0
SOUTHBANK,2025-03-19,23.678499221801758,24.023811045145976,23.639034153169025,23.74756121011099,9669011
SOUTHBANK,2025-03-20,23.599571228027344,24.04354384607851,23.550241773487468,23.856088531590455,11628310
SOUTHBANK,2025-03-21,23.727828979492188,23.90541802701639,23.550241813766057,23.629170070243692,15744120
SOUTHBANK,2025-03-24,23.757427215576172,24.112605302166212,23.72782841442766,23.925149991821687,12335270
SOUTHBANK,2025-03-25,23.53050994873047,24.004079501071164,23.510777413600078,23.846222983624266,10034114
SOUTHBANK,2025-03-26,23.234527587890625,23.67850021972981,23.185198131818773,23.520643702142127,10821236
SOUTHBANK,2025-03-27,23.145732879638672,23.382519535957602,23.056940235766714,23.18519794962453,12413489
SOUTHBANK,2025-03-28,22.760957717895508,23.540375909194864,22.65243065789228,23.145732738927894,15843701
SOUTHBANK,2025-04-01,23.31345558166504,23.688366218022523,22.721494588339507,22.83988603428537,8997413
SOUTHBANK,2025-04-02,23.333187103271484,23.569971866678195,23.00760781836251,23.185196861367043,6324834
SOUTHBANK,2025-04-03,23.92514991760254,24.11260522736555,23.106268573014248,23.195063094386306,11815080
SOUTHBANK,2025-04-04,23.372652053833008,24.013944353391693,23.29372379976114,23.92514983233609,7311621
SOUTHBANK,2025-04-07,22.59323501586914,22.790556601708285,22.001272140149815,22.64256635322798,14939741
SOUTHBANK,2025-04-08,23.047073364257812,23.264125598097245,22.65243020193439,22.978011375390633,10042015
SOUTHBANK,2025-04-09,23.047073364257812,23.23452679638357,22.721494072599633,23.076670284173424,5405507
SOUTHBANK,2025-04-11,23.27399253845215,23.65876756286786,23.19506428006436,23.65876756286786,8853995
SOUTHBANK,2025-04-15,23.865955352783203,24.06327505732054,23.431848991924085,23.76729455961548,10356526
SOUTHBANK,2025-04-16,24.092872619628906,24.36912244991894,23.777159603182017,23.865954124282457,12854011
SOUTHBANK,2025-04-17,24.674970626831055,24.813094609067576,24.092874013408398,24.092874013408398,15313807
SOUTHBANK,2025-04-21,25.631975173950195,25.84902928968002,24.77363062366719,24.911754601460306,17072580
SOUTHBANK,2025-04-22,26.056215286254883,26.588982427150338,25.42478923642151,25.63197520334881,33383624
SOUTHBANK,2025-04-23,25.701038360595703,26.24367179341061,25.612243833076867,26.184476068997437,21679293
SOUTHBANK,2025-04-24,25.71090316772461,26.214071501148215,25.55304665705815,25.79969769019925,14037650
SOUTHBANK,2025-04-25,24.980817794799805,25.997020788154096,24.763765550402937,25.849030535983587,16746068
SOUTHBANK,2025-04-28,25.227468490600586,25.33599555218489,24.81309466122193,24.980817446489436,8950681
SOUTHBANK,2025-04-29,25.27680015563965,25.947689423594344,25.227468817100085,25.3557284155048,8681497
SOUTHBANK,2025-04-30,25.128807067871094,25.523450234013417,24.862425377062525,25.286663581608792,14152100
SOUTHBANK,2025-05-02,25.24720001220703,25.37545772200472,24.832826199463497,24.901888187954413,10015692
SOUTHBANK,2025-05-05,25.10907554626465,25.405056028832814,25.040011677320596,25.296528973718747,9664944
SOUTHBANK,2025-05-06,24.270462036132812,25.1584053790332,24.181667513662973,25.148539111892322,9895342
SOUTHBANK,2025-05-07,24.33952522277832,24.448052284873697,23.708099149055705,23.708099149055705,8023480
SOUTHBANK,2025-05-08,23.875822067260742,24.665104663782525,23.787027539927273,24.44805242018857,6676292
SOUTHBANK,2025-05-09,23.994213104248047,24.112606432594493,23.481178484410307,23.678500071055012,9787374
SOUTHBANK,2025-05-12,25.178138732910156,25.306396446320488,24.66510411567262,24.66510411567262,10391928
SOUTHBANK,2025-05-13,26.095680236816406,26.14500969106145,24.82295999387525,24.82295999387525,19136641
SOUTHBANK,2025-05-14,26.391660690307617,26.519918400250678,26.14500965581876,26.362061888721655,15647427
SOUTHBANK,2025-05-15,27.378265380859375,27.516389360785617,25.809564619304126,26.440990678164773,50385256
SOUTHBANK,2025-05-16,27.180944442749023,27.86170185476586,27.013221656652068,27.624917077063948,28377274
SOUTHBANK,2025-05-19,28.384601593017578,28.956831919622747,27.3782649173953,27.496658242326532,51244029
SOUTHBANK,2025-05-20,28.305673599243164,29.154151888885444,27.871567246204133,28.52272583486364,34083643
SOUTHBANK,2025-05-21,28.2563419342041,28.542458037730785,27.950495178067136,28.315539537429103,17755945
SOUTHBANK,2025-05-22,28.128084182739258,28.59178744986418,27.94062886973214,28.26620815979816,14726887
SOUTHBANK,2025-05-23,28.394468307495117,28.463530297376963,28.039290208904955,28.236611792965732,10580773
SOUTHBANK,2025-05-26,28.57205581665039,28.789109938072347,28.335271042024893,28.463530637737524,15563438
SOUTHBANK,2025-05-27,28.57205581665039,28.710181679863847,28.36486984452737,28.660850342359716,11732378
SOUTHBANK,2025-05-28,28.463529586791992,28.75951007369599,28.384601331497723,28.572054761697835,8710174
SOUTHBANK,2025-05-29,27.95049476623535,28.6707153253451,27.87156651156302,28.6707153253451,8896305
SOUTHBANK,2025-05-30,29.08509063720703,29.548795803964687,27.80250596199242,28.019558203118518,36984744
SOUTHBANK,2025-06-02,29.24294662475586,29.795446307824623,28.64111936833173,29.203483436992713,24233759
SOUTHBANK,2025-06-03,29.08509063720703,29.499464466119125,29.02589491359048,29.35147421617869,14417332
SOUTHBANK,2025-06-04,28.88776969909668,29.252812174593405,28.828572096206905,29.20348272064997,12833413
SOUTHBANK,2025-06-05,28.769376754760742,29.193616838745587,28.710181032887856,28.92723326762049,11997172
SOUTHBANK,2025-06-06,28.759510040283203,29.203482651921433,28.522725274675494,29.035759874391218,15423095
SOUTHBANK,2025-06-09,30.02236557006836,30.170355821061577,28.956833128399794,28.956833128399794,32412679
SOUTHBANK,2025-06-10,30.328210830688477,30.762317176227644,30.091426064521123,30.239416308150965,27032533
SOUTHBANK,2025-06-11,30.37754249572754,30.782050044206443,30.012498134471958,30.574862195440286,24713957
SOUTHBANK,2025-06-12,29.45013427734375,30.515666684921502,29.25281269446717,30.39727335883594,19486696
SOUTHBANK,2025-06-13,29.7559814453125,29.894105426141746,28.374735991625737,28.710181558037995,20504326
SOUTHBANK,2025-06-16,29.39093780517578,29.844774799693184,28.779242419306637,29.558658700003317,16836517
SOUTHBANK,2025-06-17,29.410669326782227,29.963169008347897,29.302144149380254,29.390938673853377,13509465
SOUTHBANK,2025-06-18,29.23307991027832,29.667186259822298,29.134421001480288,29.331740700874413,10412615
SOUTHBANK,2025-06-19,28.650985717773438,29.479731481153788,28.414199063324087,29.20348352062637,19085209
SOUTHBANK,2025-06-20,28.82857322692871,29.193617598541344,28.493127657921896,28.650986056688147,15782276
SOUTHBANK,2025-06-23,28.700315475463867,28.85817199222793,28.414199362705176,28.512860156132245,13248158
SOUTHBANK,2025-06-24,29.4797306060791,29.88424003104042,29.075223062915825,29.10482186429291,13108179
SOUTHBANK,2025-06-25,30.16048812866211,30.239416384249854,29.52906208396016,29.54879461830661,16750343
SOUTHBANK,2025-06-26,29.4797306060791,30.52553233982625,29.41066861799728,30.249282505700922,12234136
SOUTHBANK,2025-06-27,29.667186737060547,30.022364836200797,29.479731420092293,29.84477578663067,16373997
SOUTHBANK,2025-06-30,30.37754249572754,31.078030534674593,29.66718630772707,29.66718630772707,27779949
SOUTHBANK,2025-07-01,31.17669105529785,31.304948764909938,30.140755584039113,30.58472819769258,25100486
SOUTHBANK,2025-07-02,30.62419319152832,31.817983289193126,30.387406543626465,31.571332255943567,33544619
SOUTHBANK,2025-07-03,30.288747787475586,30.831379310623333,30.209819531712313,30.683389066291955,10355161
SOUTHBANK,2025-07-04,30.26901626586914,30.5353998436575,30.111159749060807,30.486068506031074,7290359
SOUTHBANK,2025-07-07,29.992765426635742,30.476201228565625,29.913837170847152,30.22955019400152,6983103
SOUTHBANK,2025-07-08,29.69678497314453,30.219683962690652,29.598124182842113,29.99276546225373,7785688
SOUTHBANK,2025-07-09,29.854642868041992,30.03223192245424,29.450135302679936,29.78558087617015,7670025
SOUTHBANK,2025-07-10,29.64745330810547,29.933569408627733,29.598123854400683,29.85464115362125,5202302
SOUTHBANK,2025-07-11,29.598125457763672,29.844776503245036,29.400803868659327,29.598125457763672,7512716
SOUTHBANK,2025-07-14,29.785579681396484,29.992765648701265,29.430401586819066,29.647453821395228,7246042
SOUTHBANK,2025-07-15,30.219684600830078,30.732719215797793,29.854642115340116,29.90397157063397,12187226
SOUTHBANK,2025-07-16,30.436738967895508,30.653791207470487,30.25914991651684,30.288748719012656,12351767
SOUTHBANK,2025-07-17,30.219684600830078,30.92017453315102,29.854642115340116,30.67352349308555,28010112
SOUTHBANK,2025-07-18,29.45013427734375,30.367676438663107,29.292277763761717,30.32821136936856,15290038
SOUTHBANK,2025-07-21,28.690448760986328,29.49946386724842,28.52272597931262,29.49946386724842,17779331
SOUTHBANK,2025-07-22,28.89763641357422,29.154151836208534,28.769376820458984,28.93709960098024,10535445
SOUTHBANK,2025-07-23,29.104822158813477,29.193616682045228,28.759510333112008,28.946965646801043,6416260
SOUTHBANK,2025-07-24,29.4797306060791,29.548794475958964,29.04562614333678,29.19361638662612,7595843
SOUTHBANK,2025-07-25,29.331741333007812,29.48959784864433,29.16401854991925,29.479731581192286,9266854
SOUTHBANK,2025-07-28,29.20348358154297,29.440268354688143,29.085090254071332,29.312008759777363,9229787
SOUTHBANK,2025-07-29,29.223215103149414,29.38107161310609,28.86803701484788,29.203482568955323,8505003
SOUTHBANK,2025-07-30,29.76584815979004,29.992766669359654,29.203484078770504,29.223216613984764,17290557
SOUTHBANK,2025-07-31,29.312007904052734,29.529062017781115,28.956831695602915,29.321874171203845,6915204
SOUTHBANK,2025-08-01,28.838438034057617,29.4008020825027,28.710180326190397,29.31200756098,6311296
SOUTHBANK,2025-08-04,28.512859344482422,29.006161415777267,28.41419855386384,28.838438636265096,7112365
SOUTHBANK,2025-08-05,28.463529586791992,28.887769664672952,28.39446759863426,28.512859040676645,5015283
SOUTHBANK,2025-08-06,28.57205581665039,28.789109938072347,27.970228553484873,28.650985956657003,9335888
SOUTHBANK,2025-08-07,28.798974990844727,28.907500165180046,28.364868648109343,28.414198101734666,8674741
SOUTHBANK,2025-08-08,28.808841705322266,29.154151649658168,28.59178758968477,28.700314647503518,7409458
SOUTHBANK,2025-08-11,29.104822158813477,29.20348294927076,28.82857232189269,28.907500577898908,6883724
SOUTHBANK,2025-08-12,29.46000099182129,29.548795517283697,29.17388488048729,29.252813138476306,7581090
SOUTHBANK,2025-08-13,29.510000228881836,29.850000381469727,29.399999618530273,29.649999618530273,5704559
SOUTHBANK,2025-08-14,29.299999237060547,30.149999618530273,28.8700008392334,29.760000228881836,8802453
SOUTHBANK,2025-08-18,29.68000030517578,29.899999618530273,29.530000686645508,29.530000686645508,5018688
SOUTHBANK,2025-08-19,29.81999969482422,29.899999618530273,29.510000228881836,29.649999618530273,11442599
SOUTHBANK,2025-08-20,30.1200008392334,30.270000457763672,29.520000457763672,29.899999618530273,10071344
SOUTHBANK,2025-08-21,29.770000457763672,30.25,29.68000030517578,30.229999542236328,5981612
SOUTHBANK,2025-08-22,29.899999618530273,30.09000015258789,29.65999984741211,29.739999771118164,5700295
SOUTHBANK,2025-08-25,29.739999771118164,30.020000457763672,29.700000762939453,29.8799991607666,4741251
SOUTHBANK,2025-08-26,29.43000030517578,29.850000381469727,29.299999237060547,29.690000534057617,6415280
SOUTHBANK,2025-08-28,29.270000457763672,29.399999618530273,29.0,29.260000228881836,6418400
SOUTHBANK,2025-08-29,29.270000457763672,29.469999313354492,29.190000534057617,29.329999923706055,4947664
SOUTHBANK,2025-09-01,29.440000534057617,29.670000076293945,29.299999237060547,29.299999237060547,4939036
SOUTHBANK,2025-09-02,29.479999542236328,29.700000762939453,29.209999084472656,29.450000762939453,3662470
SOUTHBANK,2025-09-03,29.459999084472656,29.65999984741211,29.399999618530273,29.479999542236328,2819938
SOUTHBANK,2025-09-04,28.670000076293945,29.610000610351562,28.549999237060547,29.600000381469727,10860750
SOUTHBANK,2025-09-05,28.59000015258789,28.969999313354492,28.110000610351562,28.670000076293945,7564844
SOUTHBANK,2025-09-08,28.6200008392334,28.84000015258789,28.43000030517578,28.610000610351562,3936862
SOUTHBANK,2025-09-09,28.6299991607666,28.790000915527344,28.549999237060547,28.610000610351562,2869333
SOUTHBANK,2025-09-10,28.829999923706055,29.0,28.649999618530273,28.700000762939453,7032094
SOUTHBANK,2025-09-11,29.010000228881836,29.299999237060547,28.889999389648438,28.93000030517578,3708880
SOUTHBANK,2025-09-12,28.920000076293945,29.229999542236328,28.709999084472656,29.1200008392334,3173505
SOUTHBANK,2025-09-15,28.90999984741211,29.0,28.75,28.899999618530273,3512588
SOUTHBANK,2025-09-16,28.8799991607666,29.0,28.829999923706055,28.899999618530273,3240651
SOUTHBANK,2025-09-17,29.280000686645508,29.399999618530273,28.90999984741211,28.90999984741211,6850371
SOUTHBANK,2025-09-18,29.59000015258789,29.690000534057617,29.299999237060547,29.5,6427082
SOUTHBANK,2025-09-19,29.850000381469727,29.959999084472656,29.5,29.59000015258789,8282367
SOUTHBANK,2025-09-22,29.549999237060547,29.959999084472656,29.479999542236328,29.799999237060547,6071923
SOUTHBANK,2025-09-23,29.959999084472656,30.299999237060547,29.329999923706055,29.540000915527344,14567291
SOUTHBANK,2025-09-24,29.8799991607666,30.25,29.809999465942383,30.110000610351562,8512757
SOUTHBANK,2025-09-25,29.639999389648438,29.950000762939453,29.520000457763672,29.899999618530273,4381174
SOUTHBANK,2025-09-26,28.989999771118164,29.600000381469727,28.899999618530273,29.520000457763672,6079742
SOUTHBANK,2025-09-29,28.639999389648438,29.09000015258789,28.5,29.0,9156594
SOUTHBANK,2025-09-30,28.950000762939453,29.200000762939453,28.709999084472656,28.799999237060547,6686881
SOUTHBANK,2025-10-01,29.3700008392334,29.420000076293945,28.93000030517578,29.100000381469727,5868842
SOUTHBANK,2025-10-03,29.780000686645508,29.850000381469727,29.260000228881836,29.5,8987390
SOUTHBANK,2025-10-06,29.989999771118164,30.260000228881836,29.850000381469727,30.079999923706055,9202700
SOUTHBANK,2025-10-07,31.139999389648438,31.329999923706055,30.09000015258789,30.239999771118164,35285391
SOUTHBANK,2025-10-08,30.829999923706055,31.399999618530273,30.75,31.389999389648438,11294904
SOUTHBANK,2025-10-09,31.110000610351562,31.15999984741211,30.729999542236328,30.93000030517578,8870092
SOUTHBANK,2025-10-10,34.2599983215332,34.439998626708984,31.110000610351562,31.1299991607666,115797112
SOUTHBANK,2025-10-13,33.060001373291016,34.41999816894531,32.95000076293945,34.2599983215332,31069687
SOUTHBANK,2025-10-14,32.16999816894531,33.25,32.029998779296875,33.189998626708984,19943960
SOUTHBANK,2025-10-15,32.779998779296875,33.099998474121094,32.0099983215332,32.25,23950928
SOUTHBANK,2025-10-16,32.95000076293945,33.619998931884766,31.5,33.06999969482422,46851352
SOUTHBANK,2025-10-17,32.650001525878906,32.900001525878906,31.93000030517578,32.900001525878906,23810436
SOUTHBANK,2025-10-20,37.72999954223633,38.959999084472656,32.7599983215332,32.90999984741211,255007916
SOUTHBANK,2025-10-21,38.84000015258789,39.68000030517578,38.31999969482422,39.0,54812434
SOUTHBANK,2025-10-23,38.31999969482422,40.29999923706055,38.13999938964844,38.5,91477909
SOUTHBANK,2025-10-24,38.11000061035156,38.599998474121094,37.77000045776367,38.04999923706055,30680736
SOUTHBANK,2025-10-27,38.18000030517578,40.189998626708984,37.900001525878906,38.400001525878906,64795408
SOUTHBANK,2025-10-28,38.9900016784668,39.900001525878906,38.220001220703125,38.5,53816574
SOUTHBANK,2025-10-29,39.11000061035156,39.88999938964844,38.290000915527344,39.279998779296875,64911917
SOUTHBANK,2025-10-30,37.279998779296875,39.15999984741211,37.099998474121094,39.099998474121094,37004908
SOUTHBANK,2025-10-31,36.619998931884766,38.099998474121094,36.5,37.36000061035156,29444816
SOUTHBANK,2025-11-03,37.58000183105469,37.970001220703125,36.650001525878906,36.689998626708984,27061734
SOUTHBANK,2025-11-04,36.70000076293945,37.63999938964844,36.630001068115234,37.630001068115234,19493594
SOUTHBANK,2025-11-06,36.77000045776367,37.529998779296875,36.31999969482422,36.779998779296875,31616504
SOUTHBANK,2025-11-07,39.060001373291016,39.38999938964844,36.43000030517578,37.099998474121094,64850958
SOUTHBANK,2025-11-10,38.2400016784668,39.38999938964844,38.0099983215332,39.29999923706055,30076485
SOUTHBANK,2025-11-11,38.77000045776367,38.95000076293945,38.16999816894531,38.2400016784668,32458473
SOUTHBANK,2025-11-12,39.279998779296875,39.86000061035156,38.349998474121094,38.95000076293945,51713406
SOUTHBANK,2025-11-13,38.310001373291016,39.400001525878906,38.20000076293945,39.400001525878906,25017708
SOUTHBANK,2025-11-14,38.0,39.150001525878906,37.779998779296875,38.400001525878906,27678787
SOUTHBANK,2025-11-17,38.650001525878906,39.13999938964844,38.0,38.08000183105469,35706371
SOUTHBANK,2025-11-18,39.2400016784668,39.900001525878906,38.400001525878906,38.95000076293945,64892947
SOUTHBANK,2025-11-19,41.08000183105469,41.5,39.33000183105469,39.33000183105469,160686044
SOUTHBANK,2025-11-20,37.77000045776367,41.650001525878906,37.5,41.349998474121094,101744620
SOUTHBANK,2025-11-21,38.189998626708984,38.75,37.77000045776367,37.95000076293945,44006789
SOUTHBANK,2025-11-24,38.310001373291016,38.869998931884766,37.63999938964844,38.400001525878906,28646505
SOUTHBANK,2025-11-25,38.650001525878906,39.150001525878906,38.2400016784668,38.29999923706055,30001360
SOUTHBANK,2025-11-26,39.779998779296875,40.15999984741211,38.619998931884766,38.79999923706055,42867611
SOUTHBANK,2025-11-27,40.099998474121094,40.25,39.540000915527344,39.9900016784668,27604773
SOUTHBANK,2025-11-28,39.58000183105469,40.369998931884766,39.40999984741211,40.369998931884766,25235537
SOUTHBANK,2025-12-01,39.880001068115234,40.209999084472656,39.59000015258789,39.75,20123957
SOUTHBANK,2025-12-02,39.7400016784668,40.34000015258789,39.61000061035156,39.9900016784668,20612802
SOUTHBANK,2025-12-03,39.65999984741211,40.150001525878906,39.15999984741211,39.869998931884766,29388393
SOUTHBANK,2025-12-04,39.970001220703125,40.2400016784668,39.459999084472656,39.58000183105469,21651344
SOUTHBANK,2025-12-05,39.709999084472656,40.0,39.47999954223633,40.0,25275221
SOUTHBANK,2025-12-08,38.619998931884766,40.060001373291016,38.470001220703125,39.95000076293945,24574349
SOUTHBANK,2025-12-09,39.779998779296875,39.939998626708984,37.849998474121094,38.59000015258789,30514785
SOUTHBANK,2025-12-10,39.060001373291016,39.79999923706055,38.970001220703125,39.65999984741211,16210753
SOUTHBANK,2025-12-11,39.630001068115234,40.0,38.97999954223633,39.04999923706055,21160224
SOUTHBANK,2025-12-12,39.959999084472656,41.060001373291016,39.77000045776367,39.779998779296875,38445107
SOUTHBANK,2025-12-15,39.88999938964844,40.099998474121094,39.40999984741211,39.939998626708984,10618868
SOUTHBANK,2025-12-16,39.18000030517578,39.86000061035156,39.02000045776367,39.79999923706055,12818811
SOUTHBANK,2025-12-17,39.25,39.70000076293945,39.06999969482422,39.18000030517578,11018477
SOUTHBANK,2025-12-18,39.13999938964844,39.38999938964844,38.720001220703125,39.220001220703125,13276126
SOUTHBANK,2025-12-19,40.02000045776367,40.150001525878906,39.08000183105469,39.130001068115234,21817573
SOUTHBANK,2025-12-22,39.81999969482422,40.34000015258789,39.40999984741211,39.93000030517578,18106200
SOUTHBANK,2025-12-23,39.36000061035156,39.97999954223633,39.310001373291016,39.880001068115234,12030663
SOUTHBANK,2025-12-24,38.119998931884766,39.459999084472656,38.0,39.36000061035156,21777935
SOUTHBANK,2025-12-26,37.63999938964844,38.2400016784668,37.439998626708984,38.09000015258789,13952361
SOUTHBANK,2025-12-29,37.16999816894531,37.95000076293945,37.0099983215332,37.689998626708984,10336761
SOUTHBANK,2025-12-30,37.7599983215332,37.880001068115234,36.939998626708984,37.15999984741211,8573596
SOUTHBANK,2025-12-31,38.31999969482422,38.939998626708984,37.59000015258789,37.88999938964844,15550950
SOUTHBANK,2026-01-01,37.93000030517578,38.47999954223633,37.880001068115234,38.31999969482422,6218391
SOUTHBANK,2026-01-02,38.599998474121094,39.58000183105469,38.15999984741211,38.70000076293945,33605690
SOUTHBANK,2026-01-05,39.709999084472656,39.790000915527344,38.75,38.79999923706055,29161334
SOUTHBANK,2026-01-06,42.119998931884766,42.5,39.41999816894531,39.849998474121094,101605716
SOUTHBANK,2026-01-07,42.63999938964844,43.2599983215332,41.40999984741211,42.099998474121094,39823785
SOUTHBANK,2026-01-08,42.33000183105469,43.040000915527344,41.599998474121094,42.54999923706055,28032119
SOUTHBANK,2026-01-09,41.43000030517578,42.959999084472656,41.16999816894531,42.20000076293945,23000415
SOUTHBANK,2026-01-12,41.119998931884766,41.58000183105469,39.599998474121094,41.45000076293945,31622769
SOUTHBANK,2026-01-13,40.470001220703125,41.560001373291016,40.0,41.13999938964844,18509968
SOUTHBANK,2026-01-14,42.459999084472656,42.65999984741211,40.40999984741211,40.40999984741211,37504338
SOUTHBANK,2026-01-15,42.459999084472656,42.459999084472656,42.459999084472656,42.459999084472656,0
SOUTHBANK,2026-01-16,43.9900016784668,45.16999816894531,42.88999938964844,43.220001220703125,75465789
SOUTHBANK,2026-01-19,45.099998474121094,45.5,43.189998626708984,43.9900016784668,47218010
SOUTHBANK,2026-01-20,43.439998626708984,45.619998931884766,43.209999084472656,45.31999969482422,35021333
SOUTHBANK,2026-01-21,44.310001373291016,44.849998474121094,43.02000045776367,43.439998626708984,38066770
SOUTHBANK,2026-01-22,45.959999084472656,46.84000015258789,44.61000061035156,44.900001525878906,52990643
SOUTHBANK,2026-01-23,45.0,46.75,44.70000076293945,46.04999923706055,25458970
SOUTHBANK,2026-01-27,45.150001525878906,45.9900016784668,44.369998931884766,45.619998931884766,23103154
SOUTHBANK,2026-01-28,44.43000030517578,45.29999923706055,43.5,45.220001220703125,23876526
SOUTHBANK,2026-01-29,44.2599983215332,45.279998779296875,44.0,44.43000030517578,16452483
SOUTHBANK,2026-01-30,37.58000183105469,39.0,36.029998779296875,38.150001525878906,178280484
SOUTHBANK,2026-02-02,37.540000915527344,38.040000915527344,36.810001373291016,37.54999923706055,27670454
SOUTHBANK,2026-02-03,39.29999923706055,39.650001525878906,37.75,38.29999923706055,40975092
SOUTHBANK,2026-02-04,40.81999969482422,41.13999938964844,38.900001525878906,39.22999954223633,31566682
SOUTHBANK,2026-02-05,41.25,41.70000076293945,40.40999984741211,40.79999923706055,23889744
SOUTHBANK,2026-02-06,41.27000045776367,41.650001525878906,40.79999923706055,41.20000076293945,21639109
SOUTHBANK,2026-02-09,41.43000030517578,41.9900016784668,41.220001220703125,41.4900016784668,14596373
SOUTHBANK,2026-02-10,41.29999923706055,41.849998474121094,41.25,41.599998474121094,10444731
SOUTHBANK,2026-02-11,40.529998779296875,41.599998474121094,40.29999923706055,41.5,13787444
SOUTHBANK,2026-02-12,40.150001525878906,40.7599983215332,40.0,40.529998779296875,10382027
SOUTHBANK,2026-02-13,40.95000076293945,41.18000030517578,39.70000076293945,39.88999938964844,13758973
SOUTHBANK,2026-02-16,40.2599983215332,41.099998474121094,40.119998931884766,40.95000076293945,8439382
SOUTHBANK,2026-02-17,40.68000030517578,40.95000076293945,39.900001525878906,40.29999923706055,11267801
SOUTHBANK,2026-02-18,40.970001220703125,42.09000015258789,40.689998626708984,40.75,10912103
SOUTHBANK,2026-02-19,40.040000915527344,41.119998931884766,39.79999923706055,40.720001220703125,11713046
SOUTHBANK,2026-02-20,40.189998626708984,40.68000030517578,39.95000076293945,40.189998626708984,12623087
SOUTHBANK,2026-02-23,40.52000045776367,40.619998931884766,40.0,40.25,13335767
SOUTHBANK,2026-02-24,41.15999984741211,41.43000030517578,40.119998931884766,40.20000076293945,16706067
SOUTHBANK,2026-02-25,40.95000076293945,41.439998626708984,40.790000915527344,41.290000915527344,11849546
SOUTHBANK,2026-02-26,41.72999954223633,41.84000015258789,40.900001525878906,41.150001525878906,14767827
SOUTHBANK,2026-02-27,41.150001525878906,41.84000015258789,40.810001373291016,41.70000076293945,14018609
SOUTHBANK,2026-03-02,40.599998474121094,41.38999938964844,38.279998779296875,38.279998779296875,24025295
SOUTHBANK,2026-03-04,40.11000061035156,40.560001373291016,39.27000045776367,40.0,23090308
SOUTHBANK,2026-03-05,40.33000183105469,40.79999923706055,39.77000045776367,40.310001373291016,15039992
SOUTHBANK,2026-03-06,39.810001373291016,40.56999969482422,39.599998474121094,40.13999938964844,8506602
SOUTHBANK,2026-03-09,38.599998474121094,39.0,37.5,39.0,17049021
SOUTHBANK,2026-03-10,39.79999923706055,39.95000076293945,38.849998474121094,39.0,11252243
SOUTHBANK,2026-03-11,39.43000030517578,40.47999954223633,39.20000076293945,40.2400016784668,10337853
SOUTHBANK,2026-03-12,38.9900016784668,39.47999954223633,38.15999984741211,39.0,11151885
SOUTHBANK,2026-03-13,38.0099983215332,38.72999954223633,37.849998474121094,38.63999938964844,11635731
SOUTHBANK,2026-03-16,36.86000061035156,38.279998779296875,36.27000045776367,37.25,22627255
SOUTHBANK,2026-03-17,36.959999084472656,37.4900016784668,36.560001373291016,37.400001525878906,12020856
SOUTHBANK,2026-03-18,37.16999816894531,37.77000045776367,36.95000076293945,37.0099983215332,13250862
